LeNet-11-302
mutate info: api name mutate|new op is: Reciprocal

output_diff: 717287.0

tail_fc.bias: 梯度数据不一致, 差值:0.004240369889885187
grad_pytorch[tail_fc.bias]: [-0.03381112 -0.0368854   0.00804973 -0.01320064 -0.02015574  0.00118694
 -0.00768419 -0.01934338  0.00527218  0.11657162]
grad_paddle[tail_fc.bias]: [-0.034616   -0.03594865  0.00380936 -0.01305124 -0.01806806  0.00292106
 -0.00571316 -0.01929515  0.00504428  0.11491754]
conv1_mutated.bias: 梯度数据不一致, 差值:38971648.0
grad_pytorch[conv1_mutated.bias]: [ 5.8484735e+06 -1.1510774e+07 -1.3042856e+07 -6.3880808e+07
  2.4883127e+00  9.7599925e+05]
grad_paddle[conv1_mutated.bias]: [-3.7984628e+05  2.7460872e+07  2.1906645e+06 -2.9340698e+07
  2.7118850e+00 -3.2173365e+06]
linear1_mutated.bias: 梯度数据不一致, 差值:154666512.0
grad_pytorch[linear1_mutated.bias]: [ 0.00000000e+00 -6.46482160e+07 -2.11327610e+01 -6.49937760e+07
 -6.03432600e+07 -6.16196600e+07  3.03433725e+06  8.88879440e+07
  1.28048254e+03  7.52027800e+06 -1.09891664e+08 -1.61721650e+06
 -3.49052781e+05 -3.02054941e+04  5.20778080e+07 -1.14473456e+08
 -4.48607852e+04 -2.16228561e+01  1.01203224e+08  2.45823580e+07
  9.22519445e-01  1.02699304e+08  4.89959920e+07  3.36579920e+07
  1.71542360e+07  0.00000000e+00  2.90085196e+00  0.00000000e+00
  4.35065240e+07  0.00000000e+00 -1.70161500e+07  3.56110760e+07
 -4.76975952e+02  1.09183752e+08 -7.62057617e+02 -5.54931094e+04
 -1.29622221e+00 -6.12066000e+06 -7.88038625e+05 -2.49794375e+04
 -1.01468688e+08  9.81949920e+07  4.50842360e+07 -8.81210240e+07
 -4.14903960e+07  4.21977680e+07  4.87418560e+07 -1.66374625e+06
  4.16110240e+07 -5.15567280e+07  1.12527440e+08 -2.35662420e+07
 -1.05410344e+08  2.53778760e+07 -3.04214160e+07  3.52007960e+07
 -1.71353984e+04  0.00000000e+00 -1.47904205e+00  4.73963360e+07
  1.71224960e+07 -1.44437370e+07 -1.08406296e+08  1.33582422e+05
  4.83306960e+07 -1.35300020e+07  7.85166640e+07  0.00000000e+00
  0.00000000e+00 -5.70336400e+07  0.00000000e+00  0.00000000e+00
  9.03773125e+05 -6.46725320e+07  0.00000000e+00  3.25983960e+07
 -1.00881720e+07 -1.17599936e+08 -2.18556900e+07 -1.22279260e+07
 -2.61095276e+02  7.42476400e+07 -3.21709080e+07 -4.59942240e+07
  0.00000000e+00 -1.37133050e+07  0.00000000e+00  2.31517656e+04
  8.08932160e+07 -2.85896719e+05 -3.64848242e+04  0.00000000e+00
 -3.05484625e+05 -1.12683040e+08 -5.40928240e+07  7.46042734e+04
  2.18299316e+03  0.00000000e+00  1.04595700e+07 -1.79415469e+04
 -5.73630700e+06  2.14968300e+06 -1.65640698e+03 -6.10383606e+01
 -9.68922125e+05  9.15593359e+03  0.00000000e+00  3.91924640e+07
  1.05513630e+07 -6.14776375e+05  3.48625080e+07 -5.99702500e+04
 -3.52128857e+03  1.45794540e+07 -1.81187040e+07  0.00000000e+00
 -9.82223520e+07  6.34448680e+07  6.88264880e+07 -6.51893750e+05]
grad_paddle[linear1_mutated.bias]: [ 0.0000000e+00 -1.2840089e+07 -2.1329393e+01  2.0150846e+07
  2.5727792e+07  6.3443705e+06 -7.8057184e+07 -3.6622648e+06
  1.4823839e+03 -1.8906175e+06  1.3352808e+07  1.8212386e+07
  2.1866462e+05  5.2028477e+03 -3.5833092e+07 -3.5715488e+07
 -9.1960880e+06 -2.2839705e+01 -2.4622030e+07  1.9421494e+07
  1.1320038e+00  2.4685788e+07  7.4997185e+06 -5.4737708e+07
 -1.2200172e+07  0.0000000e+00  2.9686995e+00  0.0000000e+00
 -2.6507494e+07  0.0000000e+00  2.2540722e+07  4.0230356e+07
  9.4028221e+01 -4.5482760e+07 -6.1595660e+02 -1.3377105e+05
 -1.0382241e+00 -2.5177974e+07  3.1646532e+07 -1.9852207e+04
  6.6165795e+06 -4.6076604e+07  4.8463004e+07  1.5337670e+07
  2.8294386e+07  5.8173825e+05  2.4638632e+07  5.0210890e+06
  3.4471448e+07 -3.3201398e+06  4.2697408e+07  2.4134627e+05
 -9.8619600e+06  3.1644054e+07  4.4997940e+07  3.0448962e+06
 -2.8272491e+02  0.0000000e+00  6.3164973e-01 -6.9494915e+06
 -5.9187871e+04 -2.9072962e+05  2.0745030e+07  2.2816142e+05
 -1.1026874e+07 -5.2642130e+06 -2.7324036e+07  0.0000000e+00
  0.0000000e+00 -3.1115228e+07  0.0000000e+00  0.0000000e+00
 -8.4409678e+03  3.4886072e+06  0.0000000e+00 -4.1386424e+07
  4.9484653e+05 -1.5468284e+06  6.4218236e+07  6.9065085e+06
 -2.5357463e+02 -1.0191706e+07 -3.0357618e+07 -6.4483580e+06
  0.0000000e+00  1.8397076e+07  0.0000000e+00  1.2906165e+05
 -1.6186172e+07  1.3367575e+07  1.9256773e+05  0.0000000e+00
  5.6942315e+06  2.3132346e+07 -2.0690336e+07 -9.7734250e+04
  1.9736694e+03  0.0000000e+00 -7.9468944e+05 -2.0655896e+04
 -5.3841755e+06 -1.3059163e+07 -1.6380421e+03 -6.3648941e+01
 -6.7835450e+06  1.4712422e+04  0.0000000e+00 -1.0686584e+07
 -2.4016970e+07 -6.8726655e+06  4.0486804e+07 -8.2233758e+04
 -1.4652045e+04 -1.0267856e+07  4.8247396e+07  0.0000000e+00
  1.1158216e+07 -3.7383776e+07  4.7568624e+07 -2.3518892e+07]
linear2.weight: 梯度数据不一致, 差值:271438272.0
grad_pytorch[linear2.weight]: [[ 0.0000000e+00 -7.3877677e-02  7.4897497e-04 ... -4.8650272e-02
  -8.1462599e-02  1.9069711e-02]
 [ 0.0000000e+00 -4.7033803e+05  9.1700954e-03 ... -2.9928888e+05
  -6.3433894e+05 -1.1509919e+04]
 [ 0.0000000e+00 -8.1796906e+01  1.9016172e-04 ... -4.8702782e+01
  -1.3334253e+02  1.0302347e-01]
 ...
 [ 0.0000000e+00  1.2265231e+05 -1.5354536e-01 ...  1.1592917e+05
   2.1531022e+05  1.3397211e+02]
 [ 0.0000000e+00  8.0951394e+05  1.7542419e-03 ...  8.3823100e+05
   1.1238502e+06 -9.9203857e+01]
 [ 0.0000000e+00 -1.7696652e+00 -3.0204354e-04 ... -2.8836197e-01
  -2.6170964e+00 -1.7392335e-02]]
grad_paddle[linear2.weight]: [[ 0.0000000e+00 -6.9401272e-02  7.4824132e-04 ... -4.2131931e-02
  -7.5604342e-02  1.9608738e-02]
 [ 0.0000000e+00  2.3629666e+07  9.1699362e-03 ...  1.4730373e+07
   2.6646868e+07  5.5205069e+05]
 [ 0.0000000e+00 -8.2986877e+01  1.8996466e-04 ... -4.8455624e+01
  -1.3433701e+02  9.7845390e-02]
 ...
 [ 0.0000000e+00 -6.0305332e+04 -1.5531063e-01 ... -2.8232105e+04
  -2.2930114e+05  2.9008493e+02]
 [ 0.0000000e+00 -5.6027912e+05  1.7529242e-03 ... -5.7716238e+05
  -7.7981150e+05 -6.9277809e+01]
 [ 0.0000000e+00 -1.7560030e+00 -3.0183513e-04 ... -2.8937805e-01
  -2.5924389e+00 -1.9614279e-02]]
linear1_mutated.weight: 梯度数据不一致, 差值:41292152.0
grad_pytorch[linear1_mutated.weight]: [[ 0.0000000e+00  0.0000000e+00  0.0000000e+00 ...  0.0000000e+00
   0.0000000e+00  0.0000000e+00]
 [-3.5745465e+06 -5.7785470e+06 -5.2768720e+06 ...  3.8623670e+06
   3.1942406e+04  9.0452038e+05]
 [-1.1057280e+00 -1.8005121e+00 -2.8158853e+00 ...  2.4676824e+00
   1.0380747e+00  3.2299073e+00]
 ...
 [ 3.1025035e+06  6.2794465e+06  4.9938425e+06 ... -3.0470615e+06
   1.5632895e+06 -2.1339780e+06]
 [ 3.3764592e+06  6.9418740e+06  5.2681890e+06 ... -3.2957558e+06
   1.7358665e+06 -1.9813660e+06]
 [-7.8959609e+04  1.7626965e+04 -1.3999433e+05 ...  6.0391625e+04
   1.2245337e+03  2.5342230e+04]]
grad_paddle[linear1_mutated.weight]: [[ 0.0000000e+00  0.0000000e+00  0.0000000e+00 ...  0.0000000e+00
   0.0000000e+00  0.0000000e+00]
 [ 1.8416552e+05 -4.0428422e+05 -4.0037972e+05 ...  2.0810791e+06
   1.6184995e+06  7.3687381e+05]
 [-1.1162639e+00 -1.8172646e+00 -2.8430557e+00 ...  2.4902773e+00
   1.0479212e+00  3.2596207e+00]
 ...
 [-1.8235486e+06 -2.3161922e+06 -3.2722912e+06 ...  1.3954249e+06
   2.7146432e+06  1.5051745e+06]
 [ 1.5302949e+06  2.5259668e+06  3.1296398e+06 ... -3.7320370e+06
  -3.9303208e+06 -2.8085005e+06]
 [-9.8993588e+05 -1.2345949e+06 -1.2919738e+06 ...  1.6324692e+06
   1.9893322e+06  1.5007710e+06]]
conv1_mutated.weight: 梯度数据不一致, 差值:109647968.0
grad_pytorch[conv1_mutated.weight]: [[[[ 0.0000000e+00  0.0000000e+00  0.0000000e+00  0.0000000e+00
     0.0000000e+00]
   [ 5.8911685e+06  5.8911685e+06  5.8911685e+06  0.0000000e+00
     0.0000000e+00]
   [ 5.8911695e+06  5.8911695e+06  5.8911695e+06  1.3378534e+00
     1.3378534e+00]
   [ 5.8911695e+06  5.8911695e+06  5.8911695e+06  1.3378534e+00
     1.3378534e+00]
   [ 5.8911710e+06  5.8911710e+06  5.8911710e+06  2.5623090e+00
     2.5623090e+00]]

  [[-5.3171130e+06 -2.4051820e+06 -5.3684950e+06 -2.4442428e+06
     2.6530488e+07]
   [-3.5750016e+07 -2.7834916e+07 -4.9785272e+07 -2.8120174e+07
     1.0698219e+07]
   [ 1.1052410e+07  1.5062346e+07 -6.1753496e+07 -2.6442842e+07
     2.2612796e+07]
   [ 5.9688576e+07  1.9995574e+07 -5.4784468e+07 -1.1168413e+07
     4.5535744e+07]
   [-7.4609765e+06  1.1989119e+07 -1.3560391e+07  2.4428332e+07
     8.0512696e+07]]

  [[ 6.2208099e+01  6.2208099e+01 -8.4637840e+06 -8.4637840e+06
    -8.4638460e+06]
   [ 2.0563197e+05 -3.8746880e+06 -1.7359070e+07 -1.7359040e+07
    -1.3507515e+07]
   [ 2.0563219e+05 -3.8746990e+06 -1.7359054e+07 -1.7359006e+07
    -1.3507505e+07]
   [ 1.9539833e+05 -3.8800828e+06 -1.7359048e+07 -1.7358994e+07
    -1.3507500e+07]
   [ 1.8569445e+05 -3.8819610e+06 -8.8951720e+06 -8.8951270e+06
    -5.0436575e+06]]

  [[-9.6561152e+07 -9.1718912e+07 -1.0673795e+08 -1.2333497e+08
    -1.3328608e+08]
   [-9.4406816e+07 -1.0446390e+08 -1.0213668e+08 -1.1802585e+08
    -1.1419888e+08]
   [-5.8385488e+07 -8.3775520e+07 -9.8314872e+07 -9.3850616e+07
    -9.9544856e+07]
   [-8.7287464e+07 -1.1243096e+08 -1.0649169e+08 -8.3627648e+07
    -1.0088836e+08]
   [-9.4538328e+07 -1.2287550e+08 -7.2845920e+07 -7.3376736e+07
    -7.0058376e+07]]

  [[ 2.6432185e+00  2.6432185e+00  2.6432185e+00  2.6432185e+00
     4.9766254e+00]
   [ 0.0000000e+00  0.0000000e+00  0.0000000e+00  0.0000000e+00
     0.0000000e+00]
   [ 0.0000000e+00  0.0000000e+00  0.0000000e+00  0.0000000e+00
     0.0000000e+00]
   [ 0.0000000e+00  0.0000000e+00  0.0000000e+00  0.0000000e+00
     0.0000000e+00]
   [ 0.0000000e+00  0.0000000e+00  0.0000000e+00  0.0000000e+00
     0.0000000e+00]]

  [[-1.5945572e+06 -1.5945572e+06  2.6163040e+06  2.6163030e+06
     2.6163105e+06]
   [-1.5945574e+06 -1.5945574e+06  2.6163030e+06  2.6163022e+06
     2.6163092e+06]
   [ 0.0000000e+00  0.0000000e+00  2.6162940e+06  2.6162920e+06
     2.6162920e+06]
   [ 0.0000000e+00  0.0000000e+00 -2.4122071e+00 -2.4122071e+00
    -2.4122071e+00]
   [ 0.0000000e+00  0.0000000e+00 -2.4122071e+00 -2.4122071e+00
    -2.4122071e+00]]]]
grad_paddle[conv1_mutated.weight]: [[[[ 0.0000000e+00  0.0000000e+00  0.0000000e+00  0.0000000e+00
     0.0000000e+00]
   [-3.9221188e+05 -3.9221188e+05 -3.9221188e+05  0.0000000e+00
     0.0000000e+00]
   [-3.9221062e+05 -3.9221056e+05 -3.9221056e+05  1.2725406e+00
     1.2725406e+00]
   [-3.9221056e+05 -3.9221056e+05 -3.9221056e+05  1.2725406e+00
     1.2725406e+00]
   [-3.9220944e+05 -3.9220944e+05 -3.9220944e+05  2.4368269e+00
     2.4368269e+00]]

  [[ 4.0150936e+07  2.4372254e+07  1.6557397e+07  1.4355182e+07
     1.5871948e+07]
   [ 3.5949732e+07  1.3234296e+07  9.1739780e+06  1.6188592e+07
     1.7782892e+07]
   [ 4.0116704e+07  1.0128131e+07  3.2664260e+06  1.6956586e+07
     2.3410822e+07]
   [ 5.0787320e+07  1.4470801e+07  8.2753105e+06  1.4300659e+07
     1.0956249e+07]
   [ 3.3646352e+07  9.1961210e+06  9.4378440e+06  1.3854100e+07
     1.0912621e+07]]

  [[ 4.5784679e+01  4.5784679e+01  1.0915772e+06  1.0915772e+06
     1.0915316e+06]
   [-1.5231045e+05 -1.6381755e+06  8.1828306e+05  8.1834294e+05
     2.4422078e+06]
   [-1.5231014e+05 -1.6381939e+06  8.1830956e+05  8.1839800e+05
     2.4422235e+06]
   [-1.7324483e+05 -1.6512302e+06  8.1831244e+05  8.1840556e+05
     2.4422288e+06]
   [-1.6385239e+05 -1.6508092e+06 -2.7317591e+05 -2.7309359e+05
     1.3506982e+06]]

  [[-2.6608506e+07 -3.4390696e+07 -5.0628824e+07 -3.1853446e+07
    -2.3638108e+07]
   [-3.7791532e+07 -2.4719852e+07 -3.9153324e+07 -2.4205262e+07
    -1.2141660e+07]
   [-4.7539804e+07 -3.3883468e+07 -5.1067824e+07 -3.1337034e+07
    -3.3700624e+07]
   [-3.1336542e+07 -2.0667364e+07 -4.1950148e+07 -1.9291484e+07
    -1.1421413e+07]
   [-2.0963876e+07 -2.9968926e+07 -4.7078416e+07 -2.1096152e+07
    -1.2089227e+07]]

  [[ 2.8807089e+00  2.8807089e+00  2.8807089e+00  2.8807089e+00
     5.4237700e+00]
   [ 0.0000000e+00  0.0000000e+00  0.0000000e+00  0.0000000e+00
     0.0000000e+00]
   [ 0.0000000e+00  0.0000000e+00  0.0000000e+00  0.0000000e+00
     0.0000000e+00]
   [ 0.0000000e+00  0.0000000e+00  0.0000000e+00  0.0000000e+00
     0.0000000e+00]
   [ 0.0000000e+00  0.0000000e+00  0.0000000e+00  0.0000000e+00
     0.0000000e+00]]

  [[-1.0652260e+06 -1.0652260e+06 -2.3576708e+06 -2.3576695e+06
    -2.3576622e+06]
   [-1.0652260e+06 -1.0652260e+06 -2.3576695e+06 -2.3576705e+06
    -2.3576632e+06]
   [ 0.0000000e+00  0.0000000e+00 -2.3576790e+06 -2.3576810e+06
    -2.3576810e+06]
   [ 0.0000000e+00  0.0000000e+00 -2.7901287e+00 -2.7901287e+00
    -2.7901287e+00]
   [ 0.0000000e+00  0.0000000e+00 -2.7901287e+00 -2.7901287e+00
    -2.7901287e+00]]]]
tail_fc.weight: 梯度数据不一致, 差值:2942.853759765625
grad_pytorch[tail_fc.weight]: [[ 2.96473116e-01  2.95836372e+01  4.28632855e-01  4.18048620e-01
  -1.19980109e+00  2.91649219e+03  2.55443931e-01 -4.76071692e+00
   9.50308418e+00 -9.11856747e+00  4.35832113e-01  3.40202987e-01
   3.09483194e+00  2.73505747e-01 -1.02902822e+01 -4.30995598e+01
  -7.67148614e-01 -1.51073952e+01  4.87946510e+00 -2.07021862e-01
  -3.85141144e+01 -6.88951111e+00 -6.27659798e-01 -3.07151854e-01
   7.34491706e-01 -2.43933424e-01  3.28456759e-01  3.02928150e-01
   2.13128414e+01 -4.32935864e-01  3.71501625e-01  7.47305393e-01
   1.93534052e+00  3.89807761e-01 -5.80760288e+00  1.15003710e+01
   2.22706962e+00 -1.04346256e+01  5.60743570e-01 -1.74333048e+00
  -1.52984393e+00  4.34718370e-01 -1.45232224e+00 -5.35033286e-01
  -2.08543110e+00  1.21146834e+00 -1.43645620e+00  2.06978679e+00
  -1.38335657e+00  3.41316640e-01 -1.77587181e-01  3.93689334e-01
   3.90678287e-01 -1.04083943e+00  4.47137117e-01  1.46448410e+00
  -1.96173161e-01  7.59498901e+01  1.65512657e+00  8.85938168e+00
  -2.21577525e-01 -1.84609842e+00 -2.83480614e-01 -2.34169021e-01
   5.77189803e-01  2.62075043e+00  5.47807646e+00  4.87509310e-01
   2.22826928e-01 -3.05671930e+00 -3.70914638e-01 -8.66198182e-01
  -1.86467886e-01  9.68427479e-01  1.44400465e+00  2.43737602e+01
  -1.53111458e-01 -1.52616465e+00  6.84736061e+00 -3.81412834e-01
   2.00780362e-01 -2.73580623e+00  1.95694305e+02 -5.57735443e-01]
 [ 8.23472291e-02  5.10352325e+00  1.40158534e+00  6.09070718e-01
   1.39440413e+01 -5.98421991e-01  3.31191421e-01  4.50488281e+00
   1.88000900e+02  7.19812241e+01  1.20977610e-01  8.78859043e-01
  -2.17867351e+00  4.97218937e-01 -2.12843585e+00  9.92701292e-01
   1.17228031e-02 -1.24041996e+01  5.55434608e+00 -3.37468326e-01
   5.99728298e+00 -1.74556885e+01 -1.52899772e-01 -1.91715285e-01
  -6.82081127e+00 -3.22722882e-01  5.77085018e-01  5.33932567e-01
   2.39391017e+00 -2.44083688e-01  2.56084234e-01  1.84634089e-01
   1.16429663e+01  9.75894034e-02 -4.85646343e+00  2.26694942e+00
  -1.95466671e+01 -3.42675743e+01  4.86015129e+00 -1.77899376e-01
  -2.50851297e+00  1.68787092e-01  3.05783195e+01  1.06461430e+00
   1.39641294e+01  6.27612025e-02  2.15591431e+01 -3.38592453e+01
  -2.07909882e-01 -3.61957937e-01 -1.64483294e-01  2.31956065e-01
   3.23174477e-01  4.53637409e+00  6.17650747e-02  4.54577357e-02
  -1.50323048e-01  3.42042828e+00  3.17240524e+00 -5.39539909e+00
  -1.92659974e-01 -5.81694183e+01 -2.40219578e-01 -1.69583932e-01
   3.36873919e-01  7.64258146e+00 -4.66754150e+00  3.69732320e-01
  -8.75342965e-01  3.32302628e+01 -1.97770223e-01 -6.06714845e-01
  -2.16201305e-01  4.92575109e-01  1.64324486e+00 -1.24362211e+01
  -3.31721365e-01 -5.27261257e-01 -2.06090851e+01  9.58020020e+00
   4.31662917e-01  3.07832489e+01 -2.41571091e+02 -2.48838589e-01]
 [-7.71474466e-02  2.35006088e+02 -3.47976565e-01  2.03387812e-02
  -2.48723679e+01 -2.91702881e+03 -9.83876064e-02 -4.97894192e+00
   1.06171379e+01  4.44342232e+00 -4.18793894e-02 -9.42590013e-02
  -9.21465874e-01  2.42370224e+00 -1.37930620e+00 -1.12246847e+01
   7.39845991e-01  3.84857821e+00 -6.91995621e+00  1.49900746e-02
   8.06496887e+01  2.00061893e+00  1.60218105e-01 -5.65196991e-01
   5.52338779e-01  3.59214246e-02 -5.13831601e-02 -3.30672637e-02
  -1.13717861e+01  9.95655805e-02 -5.38283288e-02  1.26305699e-01
   1.08631105e+01 -1.77561611e-01  3.10719705e+00  2.48209786e+00
   3.70718336e+00  4.76505947e+00  2.31525123e-01  1.71709433e-02
  -1.21788299e+00 -7.24341422e-02 -2.59680152e+00  4.15003681e+00
  -1.67411530e+02 -1.51018596e+00 -7.04753828e+00  3.02005768e+00
   1.17435351e-01  2.53588009e+01  3.36631946e-02 -4.64888662e-02
  -5.05090803e-02  1.32589519e+00 -1.31814629e-01 -2.43120670e-01
   6.11763485e-02  4.33728409e+00 -9.36070085e-01 -2.54690170e+00
   6.12463243e-02  6.94032288e+01  9.45278108e-02  3.67258079e-02
  -3.11974108e-01  1.18979180e+00  4.17240191e+00  2.33231202e-01
   7.99301291e+00 -4.18556809e-01  6.33694381e-02  3.13391387e-01
  -2.90310569e-03  2.66933608e+00  1.23658442e+00 -5.42426147e+01
   3.60519551e-02 -5.12228310e-01 -1.48298096e+03 -6.25615239e-01
   1.10772438e-02 -5.73496342e+00 -2.90854263e+00  1.72407001e-01]
 [ 1.13237470e-01 -1.66962242e+01  2.58309186e-01  1.02670357e-01
  -2.52279663e+00 -2.32191637e-01  2.20439006e-02  7.66417160e+01
   1.27118707e+00  3.02277684e+00 -3.02102752e-02  5.07124901e-01
  -7.59301834e+01 -1.14776921e+00  6.49305248e+00  2.22414246e+01
  -3.01040316e+00  1.94162369e+01 -2.21403217e+00 -1.66761607e-01
   1.41528845e-02 -6.86211395e+00 -1.04094911e-02 -4.17390168e-01
  -5.98959744e-01 -2.02362970e-01  7.15264529e-02  1.38806961e-02
   1.65919132e+01 -1.34392232e-01  6.66843913e-03  7.16861337e-02
  -8.49838829e+00  1.41010299e-01  1.02315879e+00 -2.84203482e+00
  -9.42412643e+01  2.02414513e+01 -8.79192734e+01  1.26139179e-01
   2.28400087e+00  1.20051831e-01 -4.79705334e+00 -2.10826135e+00
  -2.86323833e+01  2.76791620e+00  1.36450458e+00  5.28654957e+00
   3.37437242e-01  2.39261484e+00 -4.88545597e-02  2.96624377e-02
  -1.54219776e-01 -9.53156233e-01 -1.13913882e+00 -7.63346627e-03
  -7.78939649e-02 -2.99160290e+00  5.79246044e+00  1.05968976e+00
   7.73125328e-03  1.10738916e+01 -2.34523386e-01 -7.80243799e-02
  -1.30733699e-02  1.66195786e+00  1.36041098e+01  9.45666432e-02
   7.06352043e+00 -4.62660170e+00 -6.11342229e-02  3.03150654e-01
  -7.66331777e-02  1.82581997e+00  1.23736811e+00  2.07151394e+01
  -8.00395161e-02 -6.84724092e-01  4.76082897e+00  4.56781578e+00
   6.39730394e-02 -1.01125320e+02 -4.46899128e+00  1.70121282e-01]
 [ 1.80628926e-01 -3.86636734e+01  5.39247096e-01  7.21461698e-02
  -1.81677186e+00 -1.05122745e+00  1.85373962e-01 -2.40857658e+01
   9.71772790e-01  5.63937569e+00  2.32496828e-01  2.25244999e-01
   1.34511948e-01 -2.24423617e-01 -2.83656063e+01  1.17974005e+01
  -6.06445789e+00 -5.03896332e+00  8.29876709e+00 -8.12135935e-02
  -1.00179148e+01 -1.91914082e-01 -3.10710967e-01 -4.66790974e-01
  -2.82083344e+00 -1.39892370e-01  2.18212649e-01  1.82623193e-01
   1.65874786e+01 -1.50325924e-01  2.86692709e-01  1.15425602e-01
   3.95181131e+00  7.26796627e-01  1.35842180e+00  1.47647142e+00
   6.92472744e+00  2.29838228e+00 -4.52855587e+00 -2.21685573e-01
  -2.41170108e-01  3.42186779e-01 -9.16052341e+00  2.34585419e+01
   4.56260948e+01  1.08201313e+00 -1.61440105e+01 -5.33952999e+00
  -5.33689260e-01 -6.83067780e+01 -1.44834161e-01  1.20315269e-01
   4.99767393e-01 -4.28488493e-01 -2.52934909e+00  3.48130763e-01
  -1.12335406e-01  3.16386414e+01 -1.45062439e+02 -5.89883852e+00
  -3.32769960e-01 -2.53700972e+00 -2.32617483e-01 -1.76295429e-01
   2.83354819e-01  4.37576141e+01 -8.45195413e-01  1.46928132e-01
  -2.26577806e+00 -3.82143497e+00 -1.82783052e-01 -9.28146064e-01
  -1.58304200e-01  7.67990530e-01  2.19168329e+00 -1.28483629e+01
  -5.75254634e-02  2.64173794e+00  1.34551184e+03  1.79076538e+01
   1.84327722e-01  1.76241183e+00 -7.74052429e+00 -8.38498235e-01]
 [-4.56097871e-02 -4.20517302e+00 -4.37954366e-01 -1.93225779e-02
  -1.18089318e+00  3.43742549e-01 -2.06690580e-02 -2.79608154e+01
  -1.61346269e+00 -1.26110239e+01 -6.74675032e-02 -9.08602029e-03
  -1.15489445e+01 -1.06562364e+00  1.70998788e+00 -3.14051590e+01
   7.58900642e-01  5.59026957e+00  3.19509077e+00  1.22377984e-02
  -1.43862367e-01  8.26217079e+00  1.08410001e-01  1.51623562e-02
  -7.02977300e-01 -9.83347297e-02 -1.86184607e-02  1.80048496e-02
   9.23229992e-01  3.57828923e-02 -9.62613225e-02  4.23779711e-03
   8.45230103e+00 -1.16770275e-01  4.18146753e+00 -6.09922409e+01
  -2.78335333e-01 -6.69849487e+02  6.90459251e+00  1.55184537e-01
   2.01720977e+00  4.71705407e-01 -1.35480070e+00  2.41581023e-01
   4.25337911e-01 -8.99306417e-01  4.95369244e+00  4.99881744e+01
  -2.62998715e-02  1.67285194e+01  3.15428413e-02 -4.99240384e-02
  -1.20062269e-02  1.58416852e-01  2.99207354e+00 -1.22068003e-01
  -3.73050682e-02 -1.86298048e+00  1.68862858e+01 -1.57919607e+01
   9.73333344e-02  4.71983719e+00  1.91087872e-02  4.13725674e-02
  -1.29727453e-01 -2.02151990e+00 -1.30789738e+01 -3.77693996e-02
  -1.98430526e+00 -2.80610657e+00  6.75249398e-02  1.99507743e-01
   5.29358722e-02 -9.43191886e-01 -1.11987257e+00 -6.98234367e+00
   7.29358196e-03  4.14675426e+00  1.61424408e+02 -7.18826294e+00
   1.85415260e-02  1.15302219e+01 -1.54646957e+00 -3.40859517e-02]
 [ 1.08655795e-01  2.07442462e-01 -1.75120205e-01  2.62058675e-01
   4.07187653e+01  1.52121991e-01  8.60817730e-02 -7.73963451e+00
  -8.35838127e+00 -2.85629597e+01  1.60567284e-01 -1.87610984e-02
  -8.06454945e+00 -3.00019264e+00 -2.62072945e+01 -1.07694054e+00
   8.23168933e-01  3.47302109e-01  6.65696025e-01 -1.06439386e-02
   2.57706299e+01 -1.33460552e-01 -3.62576604e-01 -2.52657622e-01
  -7.13580728e-01 -2.69122720e-01  1.03855133e-01  6.89106435e-02
  -3.73514252e+01 -1.89056635e-01  2.95638770e-01  2.62692571e-01
   1.55022049e+00  2.59614646e-01 -5.91294861e+00 -6.98360920e+00
  -1.66470933e+00  6.27876770e+02 -2.13614583e-01  1.49392992e-01
  -3.69214010e+00 -1.20884687e-01  4.09400225e-01 -1.57812166e+00
   9.53020668e+00 -1.68645233e-01  6.56941175e-01 -2.28301585e-01
  -1.00303340e+00  4.18963890e+01 -6.18982390e-02  1.05188102e-01
   2.26276159e-01  6.48428380e-01 -2.04749799e+00  5.86595833e-01
  -9.49721783e-02  5.62234259e+00 -7.76786232e+00 -2.15456009e-01
  -7.50818998e-02 -9.48879719e-02 -2.74113119e-01 -7.40309060e-02
   6.55416131e-01  5.65497875e+00 -3.15129662e+01  2.42012620e-01
   5.11205864e+00 -2.78902555e+00 -5.41231185e-02 -1.98622376e-01
  -6.69233873e-02 -4.90250111e+00  9.87078190e-01  2.04818802e+01
  -1.06048249e-02  2.94471979e-02  1.32210293e+01 -2.20387020e+01
   7.52022117e-02 -1.21997147e+01  3.10503960e-01 -1.47997886e-02]
 [ 2.16585100e-01  1.92038655e-01  1.46360624e+00  2.13523000e-01
  -1.40420856e+01 -5.49038827e-01  2.46959984e-01  1.40379000e+00
  -1.85534958e+02  6.93052530e-01  7.38369226e-02  5.73695898e-01
  -1.26469612e+00 -1.03018594e+00  4.02119160e-01  1.14323330e+00
  -2.10658121e+00  2.78251171e+00 -1.36664867e-01 -1.93909883e-01
   6.90087605e+00  1.32062712e+01 -1.13895684e-01 -4.23028618e-01
   4.76543140e+00 -1.06317528e-01  9.00403708e-02  1.85746044e-01
  -5.52637005e+00 -4.19085681e-01  6.09647967e-02  1.52653113e-01
  -1.14840245e+00  1.56615481e-01 -2.42573142e-01  9.05888557e-01
   1.47814264e+01 -2.98817806e+01  7.80887375e+01 -3.89377475e-01
   7.47454405e+00 -2.49303535e-01  1.88730168e+00  2.17752457e-01
   1.40765800e+01  4.62054193e-01 -4.72334909e+00  2.25653481e+00
   5.72556436e-01 -2.43555679e+01 -9.71949026e-02  2.43442446e-01
   2.66485929e-01 -2.83952951e+00  3.88997102e+00  6.32342517e-01
  -1.04076155e-01 -5.08897629e+01 -9.96985817e+00 -1.29017467e+01
  -1.89717665e-01 -4.21115799e+01 -3.70455950e-01 -1.19666621e-01
   4.37073052e-01 -3.34788742e+01  2.18708534e+01  2.00369090e-01
   1.20769529e+01 -8.33623123e+00 -2.22616524e-01 -6.61331356e-01
  -1.97842076e-01  8.67019296e-01  3.14404607e+00  2.50996342e+01
  -9.65292603e-02  4.31710891e-02  1.29277630e+01 -1.40579581e-01
   1.93548322e-01  7.15037537e+01  3.28474045e+01 -2.02785224e-01]
 [-3.82616557e-02 -1.39388916e+02 -5.23749590e-01 -2.92140990e-03
   6.01348591e+00 -4.89137411e-01 -6.88226223e-02 -2.10994663e+01
  -1.24882660e+01  2.30311966e+00 -6.01010285e-02 -3.07578564e-01
   1.42671265e+02  4.08954203e-01 -8.69816303e+00  1.32128835e+00
  -2.79256392e+00  7.38557816e+00 -4.33845568e+00  6.89595044e-02
  -3.54216337e-01 -1.67214813e+01  2.61415560e-02  1.89320028e-01
  -5.85157990e-01  2.05808952e-02 -4.60959971e-02 -1.84718966e-02
  -9.43734074e+00  4.80065420e-02  9.09283385e-03 -2.25324392e-01
   3.15924568e+01 -1.22633785e-01  2.72560787e+00  5.25574417e+01
   1.53826660e+02 -7.29398298e+00  1.09477150e+00  8.02011043e-02
  -1.40925074e+00 -2.88729429e-01 -2.08621006e+01 -2.44157887e+00
   1.15247986e+02 -8.45603943e-02 -6.14107192e-01 -1.73998814e+01
   6.30163550e-02 -7.87236810e-01  2.10327953e-02 -9.11274180e-02
   4.75404188e-02  2.05273420e-01  4.98315692e-02 -4.77177858e+00
  -4.25381120e-03 -4.80532532e+01  1.35035675e+02 -1.13232708e+01
  -6.18125964e-03  1.77295723e+01  1.16811790e-01  4.30990085e-02
   3.79556604e-03 -1.25780048e+01 -1.43190861e+00  9.07213241e-03
  -4.93873501e+00 -8.63938999e+00  5.84449619e-02 -3.22112978e-01
   2.07549985e-02  8.46767843e-01  5.74359119e-01  6.48510170e+00
   2.87915487e-02 -1.84564620e-01  9.84847367e-01 -1.89665568e+00
  -8.56118053e-02 -9.96119118e+00  2.89728260e+00  5.69946244e-02]
 [-8.36908638e-01 -7.11387939e+01 -2.60657978e+00 -1.67561221e+00
  -1.50415783e+01  2.96123528e+00 -9.39215600e-01  8.07492638e+00
  -2.36906505e+00 -3.77903900e+01 -8.24052572e-01 -2.09544301e+00
  -4.59921036e+01  2.86481428e+00  6.84639282e+01  4.93102913e+01
   1.24075155e+01 -6.81991863e+00 -8.98425484e+00  9.00831699e-01
  -7.03025055e+01  2.47850952e+01  1.28338277e+00  2.41944909e+00
   6.19005823e+00  1.32618439e+00 -1.27307892e+00 -1.25448680e+00
   5.87755203e+00  1.38652515e+00 -1.13655376e+00 -1.43961620e+00
  -6.03414192e+01 -1.35446858e+00  4.42373228e+00 -3.71320248e-01
  -6.57360992e+01  9.65458145e+01  9.20889378e-01  2.00420427e+00
  -1.17695498e+00 -8.06097567e-01  7.34857941e+00 -2.24695168e+01
  -7.40974903e-01 -2.92351532e+00  1.43117797e+00 -5.79414845e+00
   2.06384373e+00  7.09390354e+00  6.08613372e-01 -9.36713398e-01
  -1.53718770e+00 -1.61237442e+00 -1.59297764e+00  2.06759071e+00
   7.16156483e-01 -1.71709785e+01  1.19427431e+00  4.41544991e+01
   8.51677358e-01  1.83247447e+00  1.40496159e+00  7.30572939e-01
  -1.83892846e+00 -1.44492731e+01  6.41114664e+00 -1.74565208e+00
  -2.24042091e+01  1.26379871e+00  9.00002480e-01  2.76707602e+00
   8.31584215e-01 -2.59224296e+00 -1.13384972e+01 -1.06459656e+01
   6.57394767e-01 -3.42616773e+00 -4.20881081e+01  2.15566993e-01
  -1.09350133e+00  1.61773605e+01  2.64861298e+01  1.49722052e+00]]
grad_paddle[tail_fc.weight]: [[ 3.06867003e-01  2.23941154e+01  4.40145314e-01  4.28313524e-01
  -1.26474857e+00 -2.63616066e+01  2.60775000e-01 -4.51322746e+00
   9.90986061e+00 -9.04928207e+00  4.42604452e-01  3.51226240e-01
   3.30423093e+00  1.20086566e-01 -9.26351833e+00 -3.27982597e+01
  -8.13529074e-01 -3.62236481e+01  1.24298563e+01 -2.14161128e-01
  -1.32867241e+01 -7.89224672e+00 -6.38666093e-01 -3.34408134e-01
   6.94165766e-01 -2.50852078e-01  3.47252548e-01  3.10979664e-01
   2.52343483e+01 -4.50683206e-01  3.85094643e-01  7.50065565e-01
   1.92746019e+00  4.01211530e-01 -6.11332560e+00  3.45251083e+01
   2.11876535e+00 -9.18285179e+00  5.30854404e-01 -1.76341558e+00
  -1.53992283e+00  4.67717469e-01 -1.18138433e+00 -5.36541700e-01
  -1.67606473e+00  1.25376892e+00 -1.36829996e+00  2.10185003e+00
  -1.39718378e+00  2.74662763e-01 -1.81026191e-01  3.97371113e-01
   3.96003932e-01 -1.10400188e+00  4.36088741e-01  1.47322893e+00
  -2.01062232e-01  4.45121727e+01  1.90768874e+00  8.31381130e+00
  -2.29097083e-01  2.23899901e-01 -2.88422644e-01 -2.40773171e-01
   5.78805447e-01  4.46057367e+00  6.12176943e+00  4.96675611e-01
   4.89028692e-02 -3.46315050e+00 -3.77842396e-01 -8.77942681e-01
  -1.89778283e-01  9.82844532e-01  1.46157050e+00  8.76438522e+00
  -1.58291876e-01 -1.49213040e+00  6.82502270e+00 -4.23276603e-01
   2.08597183e-01 -2.93081284e+00 -4.78255615e+02 -5.49076319e-01]
 [ 8.01024139e-02  5.82361460e+00  1.60606515e+00  6.01927519e-01
   1.34187202e+01 -5.60454488e-01  3.27448845e-01  4.24641132e+00
  -1.01766693e+02  5.28079033e+01  1.19451679e-01  8.74686062e-01
   5.86822629e-02  5.54119647e-01 -2.25335503e+00  1.03733695e+00
   9.99073684e-03 -1.26019154e+01  6.10580444e+00 -3.33777487e-01
   3.18245754e+01 -1.69552155e+01 -1.51452228e-01 -1.55489370e-01
  -5.88139725e+00 -3.21598858e-01  5.70261478e-01  5.27886748e-01
  -1.07373297e+00 -2.31031001e-01  2.51506686e-01  1.72161564e-01
   1.21954651e+01  9.84558463e-02 -4.45824480e+00  2.42030573e+00
  -2.36686954e+01  9.51577377e+00  3.52877450e+00 -1.53251618e-01
  -2.31688690e+00  1.45096958e-01  4.96810684e+01  8.29816282e-01
   1.40740938e+01  4.75617461e-02  8.47621250e+00  7.97547960e+00
  -1.93899304e-01 -1.29723847e-01 -1.61832303e-01  2.23846689e-01
   3.15226972e-01  4.48031044e+00  1.04804650e-01  4.40346189e-02
  -1.49328396e-01  3.57433844e+00  3.45171738e+00 -4.41839933e+00
  -1.93645507e-01 -8.67317200e+02 -2.26111218e-01 -1.67251438e-01
   3.31381023e-01  3.98281026e+00 -5.66411686e+00  3.60906541e-01
  -7.94518113e-01  4.12003021e+01 -1.87720463e-01 -5.92440963e-01
  -2.10130274e-01  5.05657077e-01  1.72000551e+00  7.15898514e-01
  -3.28005970e-01 -5.33251464e-01 -4.90234299e+01  9.36455727e+00
   4.28700656e-01  2.20691101e+02 -4.44317093e+01 -2.47989789e-01]
 [-5.15046380e-02  3.15047302e+01 -4.71909314e-01  7.44094476e-02
  -2.11430950e+01  6.57691061e-01 -6.16743192e-02 -5.74340916e+00
   1.24320610e+02  4.56742287e+00 -6.54549478e-03 -1.08106500e-02
  -1.40675187e+00  2.18748331e+00 -1.85130608e+00 -1.15971441e+01
   5.13269305e-01  4.19674635e+00 -7.18390465e+00 -1.39865000e-02
   4.90905266e+01 -1.46386933e+00  1.12727679e-01 -6.18775666e-01
   3.66013914e-01 -3.24280839e-03 -1.34557029e-02  1.01875849e-02
  -1.27092400e+01  4.10962664e-02 -1.20188482e-02  1.87230453e-01
   7.37452316e+00 -1.25420585e-01  2.89748883e+00  5.36985445e+00
   3.13849187e+00  9.55613327e+00  8.69180039e-02 -1.38515264e-01
  -1.31847382e+00 -2.45701037e-02 -2.27818537e+00  4.22936487e+00
  -9.74247055e+01 -1.11370766e+00 -8.75946236e+00  2.51750922e+00
   6.59787953e-02  2.72497654e+01  1.28169656e-02 -3.48268170e-03
   1.45736625e-02  9.20573354e-01 -2.28070654e-02 -1.47175863e-01
   3.49034481e-02  2.55147409e+00 -2.35234642e+00 -9.55858767e-01
   2.97805686e-02  8.78586365e+02  5.01744449e-02  8.41736235e-03
  -2.43845090e-01  1.87583292e+00  3.74277878e+00  2.94731289e-01
   7.59162855e+00 -1.53292620e+00  1.58098768e-02  2.08730042e-01
  -3.10120787e-02  2.90806317e+00  1.35617018e+00 -4.07484818e+01
   1.71033368e-02 -4.34649467e-01 -7.53816147e+01 -6.69831157e-01
   4.72472124e-02 -5.53480434e+00 -1.69539082e+00  1.13103665e-01]
 [ 1.07909560e-01 -2.95407352e+01  2.31639951e-01  9.86728966e-02
  -2.29863191e+00 -2.19640717e-01  1.95514746e-02  1.86704235e+01
   1.10613549e+00  3.59521246e+00 -3.26923057e-02  4.93207872e-01
   4.23830643e+01 -1.15077364e+00  1.05363636e+01  2.10485210e+01
  -2.99865222e+00  1.73532772e+01 -2.16968870e+00 -1.64142638e-01
   5.74458361e-01 -1.19543848e+01 -8.64930823e-03 -4.40684855e-01
  -6.09759688e-01 -2.03730762e-01  6.68160319e-02  1.23355873e-02
   1.60012417e+01 -1.29687563e-01  3.20783444e-03  7.33033866e-02
  -8.27640057e+00  1.34684935e-01  1.08776999e+00 -9.57458258e-01
  -1.37272083e+03  1.46721249e+01 -7.32567749e+01  1.36091411e-01
   2.24143887e+00  1.14296615e-01 -4.72020435e+00 -1.99505532e+00
  -3.04250507e+01  2.73082662e+00  4.71532166e-01  2.82165289e+00
   3.33763152e-01  2.15594459e+00 -4.84214500e-02  2.80903596e-02
  -1.57460541e-01 -9.37030733e-01 -1.14061010e+00 -1.12176836e-02
  -7.63533711e-02 -1.62721109e+00  5.35981274e+00  1.27172077e+00
   8.98166094e-03  1.08359442e+01 -2.25536793e-01 -7.63000101e-02
  -2.11988222e-02  1.65257347e+00  8.45770264e+02  9.27828252e-02
   6.48036861e+00 -4.83322763e+00 -5.68520501e-02  3.01964462e-01
  -7.63436034e-02  1.82219505e+00  1.21804333e+00  1.63406601e+01
  -7.86719620e-02 -6.35263801e-01  4.79939795e+00  4.44873905e+00
   6.13155141e-02 -6.98451233e+01 -4.72304249e+00  1.73533812e-01]
 [ 1.65278405e-01 -1.45119751e+03  5.09918213e-01  4.81462628e-02
  -2.29567766e+00 -9.87387061e-01  1.65302798e-01  1.55336456e+02
   1.05583370e+00  1.18149252e+01  2.16268837e-01  2.03914315e-01
   2.30451241e-01 -1.00782454e-01 -2.98306923e+01 -2.30157661e+00
  -5.73525858e+00  1.64646130e+01  7.79750538e+00 -6.30256832e-02
  -1.59174767e+01 -1.59731716e-01 -2.88751990e-01 -4.59302068e-01
  -2.80792427e+00 -1.22334279e-01  1.94727957e-01  1.56336263e-01
   2.02115803e+01 -1.17272973e-01  2.69212484e-01  1.02134913e-01
   3.16103005e+00  7.04130948e-01  1.55444813e+00  1.39415741e+00
   6.61301756e+00 -1.39495516e+00 -4.39199734e+00 -1.76430658e-01
  -2.06515506e-01  3.18633467e-01 -4.55487394e+00  2.02996025e+01
  -1.97024185e+02  9.00343716e-01 -2.91903043e+00 -4.89239311e+00
  -5.11343539e-01 -1.28131882e+02 -1.32712543e-01  1.00412115e-01
   4.60912824e-01 -4.96211171e-01 -2.56800604e+00  2.97398746e-01
  -9.89003703e-02 -1.48846540e+01 -1.95202885e+01 -5.85088634e+00
  -3.09621274e-01 -2.55794883e+00 -2.07340389e-01 -1.62995338e-01
   2.45117441e-01  4.26999397e+01 -9.46594954e-01  1.14484675e-01
  -1.67211866e+00 -3.52600741e+00 -1.68271527e-01 -9.15706396e-01
  -1.42714217e-01  7.22877383e-01  2.13123894e+00 -1.37680988e+01
  -4.57074642e-02  2.58858085e+00 -1.42335464e+02  3.15110054e+01
   1.62944198e-01  1.35583603e+00 -7.30834532e+00 -8.07156086e-01]
 [-5.50143681e-02 -2.64856076e+00 -7.20983803e-01 -5.45526817e-02
  -2.31433606e+00  2.54017696e+01 -3.88474874e-02  1.00249767e+01
  -2.60434413e+00 -6.49737597e+00 -8.31573233e-02 -6.69139773e-02
  -1.07566023e+01 -1.71309614e+00  1.46604943e+00 -1.66821957e+01
   8.70268106e-01  5.48928928e+00 -3.58612108e+00  3.08467671e-02
  -4.95802939e-01  1.05084734e+01  1.21860579e-01  5.11308834e-02
  -5.29763222e-01 -8.01674351e-02 -4.41801772e-02 -5.73399104e-03
   8.45974922e-01  7.04690963e-02 -1.16092011e-01 -3.49302366e-02
   4.98601341e+00 -1.36871338e-01  4.70279837e+00 -8.20952320e+00
  -8.94490123e-01 -1.44823105e+02  8.60961628e+00  2.67060697e-01
   2.07051778e+00  4.55522597e-01 -1.52711916e+00 -1.06196493e-01
   1.86767507e+00 -1.07711828e+00  5.03921509e+00  1.63639851e+01
  -5.21625392e-03  9.21364880e+00  4.12418060e-02 -6.87364042e-02
  -3.91346738e-02  2.06550628e-01  2.90983438e+00 -1.71000734e-01
  -2.46079974e-02 -1.34255421e+00  4.70408325e+01 -1.75075436e+01
   9.86152440e-02  4.90537930e+00  4.49227877e-02  5.09957299e-02
  -1.60720974e-01 -2.17149734e+00 -1.48908987e+01 -7.94515908e-02
  -2.22677493e+00 -7.85953712e+00  8.33581910e-02  3.10463548e-01
   6.54028058e-02 -9.77101803e-01 -1.26912010e+00 -9.21685696e+00
   2.13098936e-02  4.17301035e+00  1.33025360e+02 -7.43294144e+00
   1.41258817e-03  1.25821142e+01 -2.89932299e+00 -6.80556148e-03]
 [ 9.74165425e-02 -6.07885569e-02 -1.82168886e-01  2.45387286e-01
   4.25317154e+01  1.85100213e-01  7.82008395e-02 -7.10686684e+00
  -8.54827785e+00 -4.47150192e+01  1.51331544e-01 -6.09045699e-02
  -4.91301765e+01 -2.13295650e+00 -3.56835485e-01 -8.94467473e-01
   9.30485308e-01  2.75323451e-01  9.67021942e-01 -2.69368477e-03
  -2.72954845e+01 -9.38854367e-03 -3.37760001e-01 -2.30696097e-01
  -7.96445549e-01 -2.41205066e-01  8.50826725e-02  5.80888763e-02
  -4.56805534e+01 -1.82670444e-01  2.75238425e-01  2.45490536e-01
   7.44518433e+01  2.37723514e-01 -6.24117374e+00 -4.51093864e+00
  -1.58287513e+00 -4.22665405e+00 -1.05180964e-01  1.63802743e-01
  -3.73655796e+00 -1.22158304e-01  2.75120199e-01 -1.70643818e+00
   1.18531237e+01 -2.13936359e-01  2.43135571e+00 -8.13385725e-01
  -9.80180264e-01  1.03070129e+02 -5.65066561e-02  9.40427482e-02
   2.09233135e-01  6.65652871e-01 -2.11502934e+00  5.66587925e-01
  -8.38234797e-02  5.54787636e+00 -7.27031422e+00 -5.67921996e-02
  -5.98639026e-02  3.43802512e-01 -2.72423923e-01 -5.91862723e-02
   6.48802876e-01  5.58349705e+00 -1.46504059e+01  2.29950652e-01
   5.14866543e+00 -3.03792500e+00 -3.34296077e-02 -1.41773060e-01
  -6.10140786e-02 -5.16923952e+00  9.86243367e-01  2.77714176e+01
  -5.06814430e-03 -4.86320108e-02  1.28756647e+01 -3.52350121e+01
   5.95019162e-02 -1.01614695e+01  1.39344251e+00  2.89868563e-03]
 [ 2.13310480e-01  2.69057572e-01  1.44053459e+00  2.06989318e-01
  -1.81996613e+01 -5.35091400e-01  2.42175803e-01  1.52651143e+00
  -8.80871773e+00  6.57604575e-01  6.97361156e-02  5.69199681e-01
  -1.19649792e+00 -9.79350686e-01 -3.03506827e+00  1.17816687e+00
  -2.10475159e+00  4.23194265e+00 -3.20311248e-01 -1.91891402e-01
   1.52478313e+01  2.06040535e+01 -1.05160519e-01 -4.15606648e-01
   3.94729519e+00 -9.86830592e-02  8.87978896e-02  1.82226419e-01
  -6.56630325e+00 -4.10628259e-01  5.90990931e-02  1.49533629e-01
  -9.18708920e-01  1.50792137e-01 -1.83309257e-01  2.48289108e+00
  -1.50152099e+00  4.20903473e+01  6.46947632e+01 -3.79976541e-01
   6.94543219e+00 -2.80477732e-01  1.87416840e+00  2.66171038e-01
  -6.57223797e+00  4.46678966e-01 -4.01494026e+00  3.11871719e+00
   5.85413158e-01 -2.36171055e+01 -9.51147079e-02  2.40558505e-01
   2.63875067e-01 -2.51728177e+00  3.92243886e+00  6.11958861e-01
  -1.00777820e-01  1.28372498e+01 -9.94079781e+00 -1.22625360e+01
  -1.87429219e-01 -4.37892380e+01 -3.64628404e-01 -1.16889574e-01
   4.28940415e-01 -3.05175362e+01 -8.25201782e+02  1.93451568e-01
   1.75396271e+01 -1.06653662e+01 -2.19573632e-01 -6.58657670e-01
  -1.94917157e-01  8.45807731e-01  3.04743743e+00  2.06674423e+01
  -9.63007212e-02  3.34174633e-02  1.27483816e+01 -9.79610085e-02
   1.89865693e-01 -1.51988663e+02  5.07748901e+02 -1.92844242e-01]
 [-4.07071561e-02  1.16325220e+03 -5.50025880e-01  7.99851120e-03
   6.33247948e+00 -5.20989776e-01 -7.03408942e-02 -1.80498520e+02
  -1.22356291e+01  2.36075258e+00 -6.19346537e-02 -2.96499789e-01
   9.68608932e+01  4.33825135e-01 -1.20761328e+01  4.42733884e-01
  -2.82083535e+00  5.33347845e+00 -5.37391806e+00  6.96616769e-02
   2.28435707e+00 -1.71000004e+01  2.68976465e-02  1.94657490e-01
  -5.39938927e-01  4.30168211e-03 -4.36791778e-02 -2.14513987e-02
  -1.63995874e+00  5.08392677e-02  5.56142628e-03 -2.19475687e-01
   9.56730080e+00 -1.24009177e-01  2.43009472e+00 -3.21158218e+01
   1.46665808e+03  5.70042267e+01  1.15310955e+00  8.38864744e-02
  -1.52125335e+00 -3.02458376e-01 -4.47925262e+01 -2.27232933e+00
   3.05458588e+02 -8.64496604e-02 -5.08761048e-01 -2.43563232e+01
   5.69046512e-02  2.84584951e+00  2.32972056e-02 -8.67319405e-02
   5.25396392e-02  2.10028440e-01  3.41016650e-02 -6.53067350e+00
  -5.94953820e-03 -3.86533508e+01 -1.96290588e+01 -1.10451927e+01
   8.60874355e-03  1.67203674e+01  1.04534030e-01  4.45618927e-02
  -1.52881444e-03 -1.24031258e+01 -8.04444432e-01  1.33446902e-02
  -1.28672028e+00 -7.79516745e+00  5.92068918e-02  2.19375134e-01
   2.40207091e-02  9.11456943e-01  5.56705475e-01  1.05450082e+00
   2.70656347e-02 -2.30850846e-01  1.38273773e+02 -1.58493686e+00
  -8.37461650e-02 -9.88615227e+00  2.23610711e+00  3.60732973e-02]
 [-8.23658228e-01  2.60203766e+02 -2.30321527e+00 -1.65729213e+00
  -1.47667627e+01  2.94061184e+00 -9.22591984e-01  8.05724525e+00
  -2.42879915e+00 -1.55421467e+01 -8.15063000e-01 -2.05710530e+00
  -8.03472900e+01  2.78144503e+00  4.66644936e+01  4.05668983e+01
   1.21490135e+01 -4.51911211e+00 -8.66624260e+00  8.83170128e-01
  -4.20262566e+01  2.44223042e+01  1.26895428e+00  2.40917468e+00
   6.15775394e+00  1.31751275e+00 -1.25162363e+00 -1.23085570e+00
   5.37664080e+00  1.35956895e+00 -1.12080979e+00 -1.42551410e+00
  -1.04468529e+02 -1.34069777e+00  4.32345247e+00 -3.98576289e-01
  -7.81599960e+01  2.67889709e+01 -8.50069702e-01  1.96074867e+00
  -6.17779434e-01 -7.71602452e-01  7.22392797e+00 -1.90083942e+01
  -1.31231070e-01 -2.88796735e+00  1.15217721e+00 -4.83709383e+00
   2.04576325e+00  7.06869936e+00  5.98257899e-01 -9.25370634e-01
  -1.51576996e+00 -1.42858994e+00 -1.56081593e+00  3.86685896e+00
   7.05899715e-01 -1.25153370e+01  9.52750325e-01  4.25116730e+01
   8.33670735e-01  2.04864669e+00  1.38483226e+00  7.19420850e-01
  -1.80575347e+00 -1.51630669e+01  6.52345562e+00 -1.71687627e+00
  -3.08290558e+01  1.51300716e+00  8.85314763e-01  2.14598751e+00
   8.16486120e-01 -2.55255985e+00 -1.12082939e+01 -1.15808668e+01
   6.46567285e-01 -3.42023063e+00 -4.18070793e+01  1.19664341e-01
  -1.07583857e+00  1.57179775e+01  2.79349575e+01  1.47826266e+00]]
conv2_mutated.bias: 梯度数据不一致, 差值:348457472.0
grad_pytorch[conv2_mutated.bias]: [ 2.2678461e+08  7.1068448e+07 -1.8286307e+08 -1.7667948e+07
  5.9493472e+07 -2.8880134e+08 -3.5161736e+07 -4.1182136e+07
  5.1090440e+07  2.7121104e+07  7.1876992e+07 -3.5827132e+07
  1.5159926e+07  2.4096282e+08 -1.3389272e+08  4.1813264e+07]
grad_paddle[conv2_mutated.bias]: [-1.0384262e+08 -4.0017572e+07 -3.0054808e+07  4.7038224e+07
 -3.0569676e+07  5.9656128e+07 -5.1104540e+07  7.3863000e+07
  3.7416196e+07 -5.5696825e+06  3.8515460e+07 -3.8697800e+07
 -4.3219116e+07 -6.0090964e+07  1.5452731e+08 -2.8189638e+06]
conv2_mutated.weight: 梯度数据不一致, 差值:223159072.0
grad_pytorch[conv2_mutated.weight]: [[[[ 0.00000000e+00  0.00000000e+00  0.00000000e+00 ...  0.00000000e+00
     0.00000000e+00  0.00000000e+00]
   [ 0.00000000e+00  0.00000000e+00  0.00000000e+00 ...  0.00000000e+00
     0.00000000e+00  0.00000000e+00]
   [ 0.00000000e+00  0.00000000e+00  0.00000000e+00 ...  0.00000000e+00
     0.00000000e+00  0.00000000e+00]
   [ 0.00000000e+00  0.00000000e+00  0.00000000e+00 ...  0.00000000e+00
     0.00000000e+00  0.00000000e+00]
   [ 0.00000000e+00  0.00000000e+00  0.00000000e+00 ...  0.00000000e+00
     0.00000000e+00  0.00000000e+00]
   [ 1.59487236e+04  2.82850825e+06 -5.35270274e-02 ...  0.00000000e+00
     6.06560707e-02  2.48071551e-02]]

  [[ 1.84455840e+07  1.50882190e+07  4.94785650e+06 ...  2.40033060e+07
     9.55033200e+06  1.32784440e+07]
   [ 1.81619480e+07  2.26069300e+07  4.12809725e+06 ...  1.69525620e+07
     2.55134240e+07  9.32327200e+06]
   [ 1.98180080e+07  1.25765970e+07  5.25335200e+06 ...  1.17764560e+07
     2.58836400e+07  1.36954300e+07]
   [ 2.42876940e+07  4.47537600e+06  7.08880350e+06 ...  2.40252060e+07
     3.72118560e+07  3.34648880e+07]
   [ 3.36049360e+07  1.81796391e+05  8.20529350e+06 ...  1.65732760e+07
     2.47180500e+07  1.79211340e+07]
   [ 4.99895680e+07  2.74824300e+07  2.66442140e+07 ...  2.45318200e+07
     9.17876000e+06  1.98678560e+07]]

  [[-1.94123298e-01  1.02705956e-01  0.00000000e+00 ...  0.00000000e+00
     0.00000000e+00 -1.89970544e+03]
   [ 1.15816146e-01  0.00000000e+00  0.00000000e+00 ...  0.00000000e+00
     0.00000000e+00 -1.25516150e+03]
   [-3.61332834e-01 -2.38633752e-02  0.00000000e+00 ...  0.00000000e+00
     0.00000000e+00  0.00000000e+00]
   [ 4.83415604e-01 -2.99239159e-03  0.00000000e+00 ...  0.00000000e+00
     0.00000000e+00  0.00000000e+00]
   [-3.40362847e-01  4.25046086e-01  0.00000000e+00 ...  0.00000000e+00
     0.00000000e+00  0.00000000e+00]
   [ 8.54167312e+05  5.71197650e+06 -2.61781952e+02 ... -1.01315285e+02
    -1.37444849e+03 -2.79741312e+05]]

  [[ 2.31447660e+07  1.25588270e+07  1.91123100e+07 ...  3.90021280e+07
     9.07253120e+07  1.16724760e+08]
   [ 4.56711320e+07  1.39219260e+07  5.30230280e+07 ...  4.94759040e+07
     1.22514472e+08  1.50033184e+08]
   [ 5.23244680e+07  7.33693100e+06  7.15885200e+07 ...  3.18209960e+07
     1.29189808e+08  1.40238880e+08]
   [ 5.97184840e+07  1.35999612e+06  7.74558720e+07 ...  5.99613160e+07
     1.26912856e+08  1.47217344e+08]
   [ 5.72961160e+07  3.07883780e+07  9.46245440e+07 ...  6.87639520e+07
     1.38756912e+08  1.28827672e+08]
   [ 5.69228000e+07  7.01466160e+07  1.05236936e+08 ...  8.25675120e+07
     1.37121088e+08  1.08675616e+08]]

  [[ 0.00000000e+00  0.00000000e+00  0.00000000e+00 ...  0.00000000e+00
     0.00000000e+00  0.00000000e+00]
   [ 0.00000000e+00  0.00000000e+00  0.00000000e+00 ...  0.00000000e+00
     0.00000000e+00  0.00000000e+00]
   [ 0.00000000e+00  0.00000000e+00  0.00000000e+00 ...  0.00000000e+00
     0.00000000e+00  0.00000000e+00]
   [ 0.00000000e+00  0.00000000e+00  0.00000000e+00 ...  0.00000000e+00
     0.00000000e+00  0.00000000e+00]
   [ 0.00000000e+00  0.00000000e+00  0.00000000e+00 ...  0.00000000e+00
     0.00000000e+00  0.00000000e+00]
   [ 0.00000000e+00  0.00000000e+00  0.00000000e+00 ...  0.00000000e+00
     0.00000000e+00  0.00000000e+00]]

  [[-3.78348480e+02  0.00000000e+00  0.00000000e+00 ...  0.00000000e+00
     0.00000000e+00 -4.23500023e+01]
   [ 0.00000000e+00  0.00000000e+00  0.00000000e+00 ...  0.00000000e+00
     0.00000000e+00 -2.80035801e+01]
   [ 0.00000000e+00  0.00000000e+00  0.00000000e+00 ...  0.00000000e+00
     0.00000000e+00  0.00000000e+00]
   [ 0.00000000e+00  0.00000000e+00  0.00000000e+00 ...  0.00000000e+00
     0.00000000e+00  0.00000000e+00]
   [ 0.00000000e+00  0.00000000e+00  0.00000000e+00 ...  0.00000000e+00
     0.00000000e+00  0.00000000e+00]
   [ 0.00000000e+00  0.00000000e+00  0.00000000e+00 ...  0.00000000e+00
     0.00000000e+00  0.00000000e+00]]]


 [[[ 0.00000000e+00  0.00000000e+00  0.00000000e+00 ...  0.00000000e+00
     0.00000000e+00  0.00000000e+00]
   [ 0.00000000e+00  0.00000000e+00  0.00000000e+00 ...  0.00000000e+00
     0.00000000e+00  0.00000000e+00]
   [ 0.00000000e+00  0.00000000e+00  0.00000000e+00 ...  0.00000000e+00
     0.00000000e+00  0.00000000e+00]
   [ 0.00000000e+00  0.00000000e+00  0.00000000e+00 ...  0.00000000e+00
     0.00000000e+00  0.00000000e+00]
   [ 0.00000000e+00  0.00000000e+00  0.00000000e+00 ...  0.00000000e+00
     0.00000000e+00  0.00000000e+00]
   [ 1.58181031e+05  5.00840781e+04  0.00000000e+00 ... -3.49022448e-02
     2.62057781e-02  5.43625653e-02]]

  [[-1.13519060e+07 -2.07951088e+06 -5.54539750e+06 ...  6.00639550e+06
     1.39062338e+06  1.28388020e+07]
   [-4.39481250e+06 -2.62799000e+05 -7.38344700e+06 ...  4.04838438e+05
     7.58693400e+06  1.48968900e+07]
   [ 2.03145740e+07  1.06301940e+07  1.41358325e+06 ...  3.11485938e+05
     1.54714000e+07  6.92851300e+06]
   [ 2.74785400e+07  1.26504075e+06  7.91708800e+06 ...  3.33990925e+06
     1.20693560e+07  3.33649250e+06]
   [ 3.91328575e+06 -8.40901400e+06  2.01717660e+07 ...  1.10199740e+07
     2.33293325e+06  1.47223610e+07]
   [-9.92558800e+06  1.50296100e+06  2.09575940e+07 ...  3.47322225e+06
     5.10000350e+06  9.70396900e+06]]

  [[ 0.00000000e+00 -1.17278427e-01  0.00000000e+00 ...  0.00000000e+00
     0.00000000e+00 -1.82672075e+06]
   [-1.02084696e-01  1.49564981e-01  0.00000000e+00 ...  0.00000000e+00
     0.00000000e+00  1.13944072e+04]
   [-1.32980347e-01 -3.91550213e-02  0.00000000e+00 ...  0.00000000e+00
     0.00000000e+00  0.00000000e+00]
   [ 3.02731991e-01  4.41238344e-01  0.00000000e+00 ...  0.00000000e+00
     0.00000000e+00  0.00000000e+00]
   [ 9.21298862e-02  1.34349093e-01  0.00000000e+00 ...  0.00000000e+00
     0.00000000e+00  0.00000000e+00]
   [ 3.33591188e+05  1.02218438e+05  1.39103015e+03 ... -2.40330078e+02
     1.67212753e+01 -9.28138828e+04]]

  [[ 3.02942100e+07  5.93385000e+06  3.30595480e+07 ... -3.15937125e+06
     2.17692980e+07  5.28846560e+07]
   [ 1.66582930e+07  1.85473925e+06  3.17331320e+07 ... -6.50856000e+06
     3.79809560e+07  5.11192440e+07]
   [ 1.90106520e+07  3.26639400e+07  6.36710800e+07 ...  1.95022675e+06
     4.13621240e+07  5.91301760e+07]
   [ 1.97233500e+07  4.51054320e+07  7.80978720e+07 ...  2.09767780e+07
     4.19329120e+07  5.96535440e+07]
   [-8.05224600e+06  5.37112040e+07  7.40949040e+07 ...  2.10125100e+07
     5.77507880e+07  8.08260400e+07]
   [-1.58033438e+06  5.65669200e+07  4.61646440e+07 ...  3.20339000e+07
     6.20939560e+07  7.79897120e+07]]

  [[ 0.00000000e+00 -8.60169411e-01  0.00000000e+00 ... -2.69417953e+00
     0.00000000e+00  0.00000000e+00]
   [ 0.00000000e+00  0.00000000e+00  0.00000000e+00 ...  0.00000000e+00
     0.00000000e+00  0.00000000e+00]
   [ 0.00000000e+00  0.00000000e+00  0.00000000e+00 ...  0.00000000e+00
     0.00000000e+00  0.00000000e+00]
   [ 0.00000000e+00  0.00000000e+00  0.00000000e+00 ...  0.00000000e+00
     0.00000000e+00  0.00000000e+00]
   [ 0.00000000e+00  0.00000000e+00  0.00000000e+00 ...  0.00000000e+00
     0.00000000e+00  0.00000000e+00]
   [ 0.00000000e+00  0.00000000e+00  0.00000000e+00 ...  0.00000000e+00
     0.00000000e+00  0.00000000e+00]]

  [[-1.49846938e+06 -5.94720840e-01  0.00000000e+00 ... -1.86275482e+00
     0.00000000e+00 -4.07291758e+04]
   [ 0.00000000e+00  0.00000000e+00  0.00000000e+00 ...  0.00000000e+00
     0.00000000e+00  2.54001450e+02]
   [ 0.00000000e+00  0.00000000e+00  0.00000000e+00 ...  0.00000000e+00
     0.00000000e+00  0.00000000e+00]
   [ 0.00000000e+00  0.00000000e+00  0.00000000e+00 ...  0.00000000e+00
     0.00000000e+00  0.00000000e+00]
   [ 0.00000000e+00  0.00000000e+00  0.00000000e+00 ...  0.00000000e+00
     0.00000000e+00  0.00000000e+00]
   [ 0.00000000e+00  0.00000000e+00  0.00000000e+00 ...  0.00000000e+00
     0.00000000e+00  0.00000000e+00]]]


 [[[ 0.00000000e+00  0.00000000e+00  0.00000000e+00 ...  0.00000000e+00
     0.00000000e+00  0.00000000e+00]
   [ 0.00000000e+00  0.00000000e+00  0.00000000e+00 ...  0.00000000e+00
     0.00000000e+00  0.00000000e+00]
   [ 0.00000000e+00  0.00000000e+00  0.00000000e+00 ...  0.00000000e+00
     0.00000000e+00  0.00000000e+00]
   [ 0.00000000e+00  0.00000000e+00  0.00000000e+00 ...  0.00000000e+00
     0.00000000e+00  0.00000000e+00]
   [ 0.00000000e+00  0.00000000e+00  0.00000000e+00 ...  0.00000000e+00
     0.00000000e+00  0.00000000e+00]
   [-7.00934812e+05  2.60732168e+04  0.00000000e+00 ...  5.84845245e-03
     0.00000000e+00  3.09459865e-02]]

  [[-1.46692190e+07 -8.08745700e+06 -1.07328060e+07 ... -2.45952280e+07
    -1.85375600e+07 -1.88744040e+07]
   [-1.99806180e+07 -9.17974300e+06 -3.54225000e+06 ... -3.10544440e+07
    -2.04372860e+07 -1.67597940e+07]
   [-9.63701600e+06 -6.26753950e+06 -2.65362250e+06 ... -9.38855300e+06
    -1.73702460e+07 -1.56232040e+07]
   [-6.86470200e+06 -8.24315200e+06 -1.18199910e+07 ... -2.50796860e+07
    -1.55540810e+07 -2.34768360e+07]
   [ 2.84639469e+05 -3.75508575e+06 -1.88393820e+07 ... -2.29658460e+07
    -2.77850820e+07 -3.92175680e+07]
   [-1.32799780e+07 -2.89868920e+07 -2.98312220e+07 ... -3.71820080e+07
    -3.89934480e+07 -5.48896680e+07]]

  [[ 8.90752152e-02  7.02326652e-03  0.00000000e+00 ...  0.00000000e+00
     0.00000000e+00  1.02845175e+06]
   [-5.00592887e-02  0.00000000e+00  0.00000000e+00 ...  0.00000000e+00
     0.00000000e+00 -3.11758032e+03]
   [ 1.00799866e-07  1.15889609e-01  0.00000000e+00 ...  0.00000000e+00
     0.00000000e+00  0.00000000e+00]
   [ 9.28770125e-01 -3.65624189e-01  0.00000000e+00 ...  0.00000000e+00
     0.00000000e+00  0.00000000e+00]
   [-2.27445483e-01  4.78202581e-01  0.00000000e+00 ...  0.00000000e+00
     0.00000000e+00  0.00000000e+00]
   [-1.40641300e+06  5.16540977e+04 -1.17655457e+02 ... -1.98437576e+02
    -1.83692444e+02 -6.90791812e+05]]

  [[-2.48600040e+07 -3.92505000e+07 -3.74041400e+07 ... -3.35066960e+07
    -7.30500240e+07 -8.60954000e+07]
   [-3.12557720e+07 -3.77058000e+07 -4.72774080e+07 ... -4.44720560e+07
    -8.05092080e+07 -1.11962592e+08]
   [-1.07349430e+07 -3.32504960e+07 -4.81752920e+07 ... -3.45701400e+07
    -1.06498456e+08 -1.19358496e+08]
   [-1.61016970e+07 -3.18438460e+07 -6.23696240e+07 ... -4.77451280e+07
    -9.67518160e+07 -1.19192048e+08]
   [-2.78235660e+07 -2.54559480e+07 -5.34519040e+07 ... -4.85826080e+07
    -1.04424424e+08 -1.20701376e+08]
   [-3.86409720e+07 -4.08485920e+07 -4.93964200e+07 ... -6.40300400e+07
    -1.20151240e+08 -1.03179624e+08]]

  [[ 0.00000000e+00  0.00000000e+00  0.00000000e+00 ...  0.00000000e+00
    -1.64003372e+00  0.00000000e+00]
   [ 0.00000000e+00  0.00000000e+00  0.00000000e+00 ...  0.00000000e+00
     0.00000000e+00  0.00000000e+00]
   [ 0.00000000e+00  0.00000000e+00  0.00000000e+00 ...  0.00000000e+00
     0.00000000e+00  0.00000000e+00]
   [ 0.00000000e+00  0.00000000e+00  0.00000000e+00 ...  0.00000000e+00
     0.00000000e+00  0.00000000e+00]
   [ 0.00000000e+00  0.00000000e+00  0.00000000e+00 ...  0.00000000e+00
     0.00000000e+00  0.00000000e+00]
   [ 0.00000000e+00  0.00000000e+00  0.00000000e+00 ...  0.00000000e+00
     0.00000000e+00  0.00000000e+00]]

  [[-4.75766219e+05  0.00000000e+00  0.00000000e+00 ...  0.00000000e+00
    -1.13391876e+00  2.29266211e+04]
   [ 0.00000000e+00  0.00000000e+00  0.00000000e+00 ...  0.00000000e+00
     0.00000000e+00 -6.94994278e+01]
   [ 0.00000000e+00  0.00000000e+00  0.00000000e+00 ...  0.00000000e+00
     0.00000000e+00 -1.55377686e-02]
   [ 0.00000000e+00  0.00000000e+00  0.00000000e+00 ...  0.00000000e+00
     0.00000000e+00  0.00000000e+00]
   [ 0.00000000e+00  0.00000000e+00  0.00000000e+00 ...  0.00000000e+00
     0.00000000e+00  0.00000000e+00]
   [ 0.00000000e+00  0.00000000e+00  0.00000000e+00 ...  0.00000000e+00
     0.00000000e+00  0.00000000e+00]]]


 ...


 [[[ 0.00000000e+00  0.00000000e+00  0.00000000e+00 ...  0.00000000e+00
     0.00000000e+00  0.00000000e+00]
   [ 0.00000000e+00  0.00000000e+00  0.00000000e+00 ...  0.00000000e+00
     0.00000000e+00  0.00000000e+00]
   [ 0.00000000e+00  0.00000000e+00  0.00000000e+00 ...  0.00000000e+00
     0.00000000e+00  0.00000000e+00]
   [ 0.00000000e+00  0.00000000e+00  0.00000000e+00 ...  0.00000000e+00
     0.00000000e+00  0.00000000e+00]
   [ 0.00000000e+00  0.00000000e+00  0.00000000e+00 ...  0.00000000e+00
     0.00000000e+00  0.00000000e+00]
   [ 1.92909788e+06 -8.81524316e+03 -5.67399263e-02 ...  0.00000000e+00
     0.00000000e+00  0.00000000e+00]]

  [[ 6.83091350e+06  8.85423300e+06  2.51951400e+07 ...  1.76848960e+07
     1.15740600e+07  2.70091960e+07]
   [ 5.96214800e+06  1.42560590e+07  1.53283290e+07 ...  3.57483400e+07
     3.91702960e+07  2.21525080e+07]
   [ 1.22389660e+07  1.19570290e+07  1.22259850e+07 ...  4.51138760e+07
     2.51560420e+07  1.89919860e+07]
   [ 8.05019400e+06  8.27530250e+06  7.71505650e+06 ...  2.76939040e+07
     1.95359300e+07  3.40956520e+07]
   [-8.25238850e+06  1.59351712e+06  1.59658630e+07 ...  4.28528200e+07
     1.87950960e+07  4.52832760e+07]
   [-1.15942770e+07  1.31544030e+07  1.78828960e+07 ...  4.00294520e+07
     3.33255740e+07  4.57010960e+07]]

  [[ 5.97428977e-02 -1.24747999e-07  0.00000000e+00 ...  0.00000000e+00
     0.00000000e+00  2.67325742e+04]
   [-3.96537781e-01 -1.98451713e-01  0.00000000e+00 ...  0.00000000e+00
     0.00000000e+00 -2.36295840e+04]
   [-1.13522532e-17  1.13430517e-02  0.00000000e+00 ...  0.00000000e+00
     0.00000000e+00  0.00000000e+00]
   [ 6.88040257e-03  1.61858648e-03  0.00000000e+00 ...  0.00000000e+00
     0.00000000e+00  0.00000000e+00]
   [ 1.49041414e-01 -1.43864453e+00  0.00000000e+00 ...  0.00000000e+00
     0.00000000e+00  0.00000000e+00]
   [ 3.89205425e+06 -1.81589961e+04  3.75983548e+00 ... -1.81812561e+03
    -1.05572937e+02  4.35825430e+04]]

  [[ 2.25185260e+07  5.48715080e+07  5.34876760e+07 ...  7.34440560e+07
     5.66632160e+07  1.04914688e+08]
   [ 3.27082680e+07  7.32843360e+07  6.05366320e+07 ...  8.62903360e+07
     1.02331536e+08  1.27951352e+08]
   [ 2.92432880e+07  6.33915160e+07  6.16743120e+07 ...  9.84472320e+07
     8.63925040e+07  1.41491456e+08]
   [ 3.48811720e+07  6.22872480e+07  5.14476320e+07 ...  8.01589040e+07
     1.10362792e+08  1.38161312e+08]
   [ 3.55893160e+07  4.44672960e+07  4.99413280e+07 ...  9.50631200e+07
     1.19955752e+08  1.37982176e+08]
   [ 3.41850200e+07  5.43458640e+07  3.87380360e+07 ...  7.95067200e+07
     1.30872320e+08  1.18337640e+08]]

  [[ 0.00000000e+00  0.00000000e+00  1.58008766e+00 ...  2.00084114e+00
     0.00000000e+00  0.00000000e+00]
   [ 0.00000000e+00  0.00000000e+00  0.00000000e+00 ...  0.00000000e+00
     0.00000000e+00  0.00000000e+00]
   [ 0.00000000e+00  0.00000000e+00  0.00000000e+00 ...  0.00000000e+00
     0.00000000e+00  0.00000000e+00]
   [ 0.00000000e+00  0.00000000e+00  0.00000000e+00 ...  0.00000000e+00
     0.00000000e+00  0.00000000e+00]
   [ 0.00000000e+00  0.00000000e+00  0.00000000e+00 ...  0.00000000e+00
     0.00000000e+00  0.00000000e+00]
   [ 0.00000000e+00  0.00000000e+00  0.00000000e+00 ...  0.00000000e+00
     0.00000000e+00  0.00000000e+00]]

  [[-1.07483986e+02  0.00000000e+00  1.09247208e+00 ...  1.38338089e+00
     0.00000000e+00  5.96056763e+02]
   [ 0.00000000e+00  0.00000000e+00  0.00000000e+00 ...  0.00000000e+00
     0.00000000e+00 -5.26872925e+02]
   [ 0.00000000e+00  0.00000000e+00  0.00000000e+00 ...  0.00000000e+00
     0.00000000e+00 -9.38780904e-02]
   [ 0.00000000e+00  0.00000000e+00  0.00000000e+00 ...  0.00000000e+00
     0.00000000e+00  0.00000000e+00]
   [ 0.00000000e+00  0.00000000e+00  0.00000000e+00 ...  0.00000000e+00
     0.00000000e+00  0.00000000e+00]
   [ 0.00000000e+00  0.00000000e+00  0.00000000e+00 ...  0.00000000e+00
     0.00000000e+00  0.00000000e+00]]]


 [[[ 0.00000000e+00  0.00000000e+00  0.00000000e+00 ...  0.00000000e+00
     0.00000000e+00  0.00000000e+00]
   [ 0.00000000e+00  0.00000000e+00  0.00000000e+00 ...  0.00000000e+00
     0.00000000e+00  0.00000000e+00]
   [ 0.00000000e+00  0.00000000e+00  0.00000000e+00 ...  0.00000000e+00
     0.00000000e+00  0.00000000e+00]
   [ 0.00000000e+00  0.00000000e+00  0.00000000e+00 ...  0.00000000e+00
     0.00000000e+00  0.00000000e+00]
   [ 0.00000000e+00  0.00000000e+00  0.00000000e+00 ...  0.00000000e+00
     0.00000000e+00  0.00000000e+00]
   [-6.75103125e+04  1.40061602e-02  0.00000000e+00 ...  0.00000000e+00
     0.00000000e+00 -2.84877419e-02]]

  [[-1.32452330e+07 -4.18320375e+06  5.28209800e+06 ...  1.64576580e+07
     7.48959900e+06  1.27846180e+07]
   [-1.56947000e+07 -1.91320820e+07 -1.26010410e+07 ... -3.57553250e+06
     3.07327725e+06  3.04109400e+06]
   [-1.65391880e+07 -2.66004880e+07 -2.79757960e+07 ... -5.28455950e+06
     1.80131040e+07  1.43502825e+06]
   [-5.10134450e+06 -5.03038562e+05 -1.30661340e+07 ...  8.58265100e+06
     3.10589420e+07 -8.56183000e+06]
   [-2.50388550e+06 -7.54563550e+06 -1.79859250e+06 ...  5.46374550e+06
     1.06389860e+07 -1.84741600e+07]
   [-2.41151650e+06 -5.19426200e+06 -5.81438400e+06 ... -5.34893550e+06
     7.28372700e+06  6.23275950e+06]]

  [[-6.74020648e-01  0.00000000e+00  0.00000000e+00 ...  0.00000000e+00
     0.00000000e+00 -2.01693359e+05]
   [ 1.52494580e-01 -1.18740201e-01  0.00000000e+00 ...  0.00000000e+00
     0.00000000e+00 -1.78373750e+04]
   [ 2.51098164e-09  9.66656804e-02  0.00000000e+00 ...  0.00000000e+00
     0.00000000e+00  0.00000000e+00]
   [ 7.31554687e-01  0.00000000e+00  0.00000000e+00 ...  0.00000000e+00
     0.00000000e+00  0.00000000e+00]
   [-2.23228280e-02  0.00000000e+00  0.00000000e+00 ...  0.00000000e+00
     0.00000000e+00  0.00000000e+00]
   [-1.36496875e+05 -3.93704529e+02  1.36741956e+03 ...  4.72100601e+01
     2.83325648e+00  1.99466992e+03]]

  [[-6.14883200e+07 -7.09778150e+06 -4.44573550e+06 ...  9.90542200e+06
     2.03005840e+07 -3.10813400e+07]
   [-4.19817440e+07 -6.32448550e+06 -3.11475520e+07 ... -2.31188860e+07
     2.45971225e+06 -4.37636600e+07]
   [-5.18760760e+07 -2.53562180e+07 -4.35414400e+07 ... -3.14027280e+07
    -7.06100900e+06 -3.77202800e+07]
   [-4.01861480e+07 -6.98250700e+06 -3.13398160e+07 ... -2.71883540e+07
     6.50135400e+06 -3.79025400e+07]
   [-4.85240920e+07 -3.14675720e+07 -3.24678760e+07 ... -4.82901440e+07
    -3.65347600e+07 -3.00378800e+07]
   [-4.32724160e+07 -2.31766700e+07 -3.94190280e+07 ... -5.89669400e+07
    -3.89501520e+07 -2.16151760e+07]]

  [[ 0.00000000e+00  0.00000000e+00  1.50883102e+00 ...  0.00000000e+00
     0.00000000e+00  0.00000000e+00]
   [ 0.00000000e+00  0.00000000e+00  0.00000000e+00 ...  0.00000000e+00
     0.00000000e+00  0.00000000e+00]
   [ 0.00000000e+00  0.00000000e+00  0.00000000e+00 ...  0.00000000e+00
     0.00000000e+00  0.00000000e+00]
   [ 0.00000000e+00  0.00000000e+00  0.00000000e+00 ...  0.00000000e+00
     0.00000000e+00  0.00000000e+00]
   [ 0.00000000e+00  0.00000000e+00  0.00000000e+00 ...  0.00000000e+00
     0.00000000e+00  0.00000000e+00]
   [ 0.00000000e+00  0.00000000e+00  0.00000000e+00 ...  0.00000000e+00
     0.00000000e+00  0.00000000e+00]]

  [[ 0.00000000e+00  0.00000000e+00  1.04320526e+00 ...  0.00000000e+00
     0.00000000e+00 -4.49900684e+03]
   [ 0.00000000e+00  0.00000000e+00  0.00000000e+00 ...  0.00000000e+00
     0.00000000e+00 -3.97615784e+02]
   [ 0.00000000e+00  0.00000000e+00  0.00000000e+00 ...  0.00000000e+00
     0.00000000e+00  0.00000000e+00]
   [ 0.00000000e+00  0.00000000e+00  0.00000000e+00 ...  0.00000000e+00
     0.00000000e+00  0.00000000e+00]
   [ 0.00000000e+00  0.00000000e+00  0.00000000e+00 ...  0.00000000e+00
     0.00000000e+00  0.00000000e+00]
   [ 0.00000000e+00  0.00000000e+00  0.00000000e+00 ...  0.00000000e+00
     0.00000000e+00  0.00000000e+00]]]


 [[[ 0.00000000e+00  0.00000000e+00  0.00000000e+00 ...  0.00000000e+00
     0.00000000e+00  0.00000000e+00]
   [ 0.00000000e+00  0.00000000e+00  0.00000000e+00 ...  0.00000000e+00
     0.00000000e+00  0.00000000e+00]
   [ 0.00000000e+00  0.00000000e+00  0.00000000e+00 ...  0.00000000e+00
     0.00000000e+00  0.00000000e+00]
   [ 0.00000000e+00  0.00000000e+00  0.00000000e+00 ...  0.00000000e+00
     0.00000000e+00  0.00000000e+00]
   [ 0.00000000e+00  0.00000000e+00  0.00000000e+00 ...  0.00000000e+00
     0.00000000e+00  0.00000000e+00]
   [ 1.67627266e+05 -8.53931152e+02  0.00000000e+00 ...  0.00000000e+00
     0.00000000e+00  0.00000000e+00]]

  [[ 1.89648875e+06  1.28043720e+07  6.22663438e+05 ...  7.65028050e+06
     9.84374400e+06  1.06699775e+06]
   [ 8.81919700e+06  1.36532140e+07  1.25308040e+07 ...  1.68369840e+07
     1.62274390e+07  5.77525800e+06]
   [ 8.06566300e+06  1.57934560e+07  2.17797560e+07 ...  2.67768660e+07
     2.52485900e+07  1.97451640e+07]
   [-1.05418712e+06  7.82425600e+06  7.61064200e+06 ...  1.74306460e+07
     2.88108560e+07  1.03158160e+07]
   [-4.93687900e+06 -3.22192725e+06  6.92173850e+06 ... -2.77044275e+06
     1.26653130e+07  9.24215500e+06]
   [-7.60288100e+06 -2.73187280e+07  7.66099750e+06 ...  8.77797900e+06
     2.27166860e+07  8.55983200e+06]]

  [[-5.32680750e-02 -6.66255951e-01  0.00000000e+00 ...  0.00000000e+00
     0.00000000e+00  4.60947075e+01]
   [-1.45405725e-01  0.00000000e+00  0.00000000e+00 ...  0.00000000e+00
     0.00000000e+00 -4.75093750e+06]
   [ 2.12457299e-01  4.96575415e-01  0.00000000e+00 ...  0.00000000e+00
     0.00000000e+00  0.00000000e+00]
   [ 1.59448683e-01 -5.26313782e-02  0.00000000e+00 ...  0.00000000e+00
     0.00000000e+00  0.00000000e+00]
   [ 6.16735399e-01  8.72677565e-03  0.00000000e+00 ...  0.00000000e+00
     0.00000000e+00  0.00000000e+00]
   [ 3.38395656e+05 -1.88668408e+03 -1.28675293e+02 ... -2.65235782e+00
     0.00000000e+00  5.08734619e+02]]

  [[ 2.50852280e+07  4.81860720e+07  2.12127020e+07 ...  6.09920240e+07
     4.95678520e+07  5.35546450e+06]
   [ 1.80545120e+07  3.45517000e+07  1.90232380e+07 ...  4.53730760e+07
     4.79330480e+07  1.11770600e+07]
   [-8.44463500e+06  3.12126140e+07  3.28220500e+07 ...  3.53427240e+07
     5.47732560e+07  2.60953820e+07]
   [-1.55674130e+07  2.33650160e+07  2.20813940e+07 ...  5.03420160e+07
     4.40440880e+07  7.13569300e+06]
   [-2.99369080e+07  7.25571600e+06  2.27673900e+07 ...  3.02859700e+07
     2.04870220e+07  4.62877650e+06]
   [-2.68484600e+07  2.58690440e+07  2.23563960e+07 ...  2.09467880e+07
     3.10982060e+07 -1.51698900e+07]]

  [[ 0.00000000e+00 -1.31202698e+00  0.00000000e+00 ... -3.24613571e+00
     0.00000000e+00  0.00000000e+00]
   [ 0.00000000e+00  0.00000000e+00  0.00000000e+00 ...  0.00000000e+00
     0.00000000e+00  0.00000000e+00]
   [ 0.00000000e+00  0.00000000e+00  0.00000000e+00 ...  0.00000000e+00
     0.00000000e+00  0.00000000e+00]
   [ 0.00000000e+00  0.00000000e+00  0.00000000e+00 ...  0.00000000e+00
     0.00000000e+00  0.00000000e+00]
   [ 0.00000000e+00  0.00000000e+00  0.00000000e+00 ...  0.00000000e+00
     0.00000000e+00  0.00000000e+00]
   [ 0.00000000e+00  0.00000000e+00  0.00000000e+00 ...  0.00000000e+00
     0.00000000e+00  0.00000000e+00]]

  [[-1.62077441e+04 -9.07135010e-01  0.00000000e+00 ... -2.24437714e+00
     0.00000000e+00  1.02786601e+00]
   [ 0.00000000e+00  0.00000000e+00  0.00000000e+00 ...  0.00000000e+00
     0.00000000e+00 -1.05919781e+05]
   [ 0.00000000e+00  0.00000000e+00  0.00000000e+00 ...  0.00000000e+00
     0.00000000e+00  0.00000000e+00]
   [ 0.00000000e+00  0.00000000e+00  0.00000000e+00 ...  0.00000000e+00
     0.00000000e+00  4.80465591e-02]
   [ 0.00000000e+00  0.00000000e+00  0.00000000e+00 ...  0.00000000e+00
     0.00000000e+00  0.00000000e+00]
   [ 0.00000000e+00  0.00000000e+00  0.00000000e+00 ...  0.00000000e+00
     0.00000000e+00  0.00000000e+00]]]]
grad_paddle[conv2_mutated.weight]: [[[[ 0.00000000e+00  0.00000000e+00  0.00000000e+00 ...  0.00000000e+00
     0.00000000e+00  0.00000000e+00]
   [ 0.00000000e+00  0.00000000e+00  0.00000000e+00 ...  0.00000000e+00
     0.00000000e+00  0.00000000e+00]
   [ 0.00000000e+00  0.00000000e+00  0.00000000e+00 ...  0.00000000e+00
     0.00000000e+00  0.00000000e+00]
   [ 0.00000000e+00  0.00000000e+00  0.00000000e+00 ...  0.00000000e+00
     0.00000000e+00  0.00000000e+00]
   [ 0.00000000e+00  0.00000000e+00  0.00000000e+00 ...  0.00000000e+00
     0.00000000e+00  0.00000000e+00]
   [-1.41574825e+06 -2.54512031e+04 -5.35230935e-02 ...  0.00000000e+00
     5.82710505e-02  2.41740942e-02]]

  [[-3.37383375e+06 -3.13006800e+06 -1.35838650e+06 ... -2.58807825e+06
    -9.04196200e+06 -8.88769200e+06]
   [-2.91757188e+04 -2.29471500e+06 -1.93393625e+06 ... -1.32557180e+07
    -1.45176930e+07 -1.41234840e+07]
   [-1.10821812e+06 -4.70057400e+06 -3.17507750e+06 ... -7.23833700e+06
    -1.56276080e+07 -1.08852900e+07]
   [-3.43313525e+06 -2.97377675e+06  3.23678175e+06 ... -1.53097900e+06
    -6.54844500e+06 -2.28486969e+05]
   [-1.03263675e+06 -1.92798362e+06 -2.93000125e+06 ... -8.70304000e+06
    -6.39245850e+06  1.46516550e+06]
   [-1.26086080e+07 -2.10491980e+07 -2.22619960e+07 ... -1.49733230e+07
    -2.11205840e+07 -1.63351230e+07]]

  [[-2.39364684e-01  9.31304693e-02  0.00000000e+00 ...  0.00000000e+00
     0.00000000e+00  3.79595188e+05]
   [ 1.86520919e-01  0.00000000e+00  0.00000000e+00 ...  0.00000000e+00
     0.00000000e+00 -2.75546570e+02]
   [-3.45518440e-01 -2.61978358e-02  0.00000000e+00 ...  0.00000000e+00
     0.00000000e+00  0.00000000e+00]
   [ 5.94446182e-01  1.04933977e-02  0.00000000e+00 ...  0.00000000e+00
     0.00000000e+00  0.00000000e+00]
   [-3.70240033e-01  4.10507679e-01  0.00000000e+00 ...  0.00000000e+00
     0.00000000e+00  0.00000000e+00]
   [-2.86139250e+06 -5.14045469e+04 -1.67679810e+02 ... -1.86584442e+02
     5.19529480e+02  6.69410312e+04]]

  [[-4.73571100e+06 -2.10664480e+07 -1.85111380e+07 ... -2.07480680e+07
    -3.53579160e+07 -3.10584100e+07]
   [ 5.85104500e+05 -1.86075820e+07 -2.53580880e+07 ... -4.33398360e+07
    -5.07786520e+07 -4.41612680e+07]
   [-3.81372075e+06 -2.17769320e+07 -3.20303440e+07 ... -5.06574360e+07
    -5.88348200e+07 -4.44223200e+07]
   [-2.33366525e+06 -1.11742110e+07 -2.03906340e+07 ... -3.75837360e+07
    -4.26376800e+07 -3.24678920e+07]
   [-2.81430775e+06 -4.45066800e+06 -2.69672460e+07 ... -3.96593520e+07
    -3.73701600e+07 -3.54029680e+07]
   [-1.99240820e+07 -2.97921680e+07 -5.33819040e+07 ... -5.55153280e+07
    -6.22571800e+07 -5.48952440e+07]]

  [[ 0.00000000e+00  0.00000000e+00  0.00000000e+00 ...  0.00000000e+00
     0.00000000e+00  0.00000000e+00]
   [ 0.00000000e+00  0.00000000e+00  0.00000000e+00 ...  0.00000000e+00
     0.00000000e+00  0.00000000e+00]
   [ 0.00000000e+00  0.00000000e+00  0.00000000e+00 ...  0.00000000e+00
     0.00000000e+00  0.00000000e+00]
   [ 0.00000000e+00  0.00000000e+00  0.00000000e+00 ...  0.00000000e+00
     0.00000000e+00  0.00000000e+00]
   [ 0.00000000e+00  0.00000000e+00  0.00000000e+00 ...  0.00000000e+00
     0.00000000e+00  0.00000000e+00]
   [ 0.00000000e+00  0.00000000e+00  0.00000000e+00 ...  0.00000000e+00
     0.00000000e+00  0.00000000e+00]]

  [[-7.01608948e+02  0.00000000e+00  0.00000000e+00 ...  0.00000000e+00
     0.00000000e+00  8.46527051e+03]
   [ 0.00000000e+00  0.00000000e+00  0.00000000e+00 ...  0.00000000e+00
     0.00000000e+00 -6.14660931e+00]
   [ 0.00000000e+00  0.00000000e+00  0.00000000e+00 ...  0.00000000e+00
     0.00000000e+00  0.00000000e+00]
   [ 0.00000000e+00  0.00000000e+00  0.00000000e+00 ...  0.00000000e+00
     0.00000000e+00  0.00000000e+00]
   [ 0.00000000e+00  0.00000000e+00  0.00000000e+00 ...  0.00000000e+00
     0.00000000e+00  0.00000000e+00]
   [ 0.00000000e+00  0.00000000e+00  0.00000000e+00 ...  0.00000000e+00
     0.00000000e+00  0.00000000e+00]]]


 [[[ 0.00000000e+00  0.00000000e+00  0.00000000e+00 ...  0.00000000e+00
     0.00000000e+00  0.00000000e+00]
   [ 0.00000000e+00  0.00000000e+00  0.00000000e+00 ...  0.00000000e+00
     0.00000000e+00  0.00000000e+00]
   [ 0.00000000e+00  0.00000000e+00  0.00000000e+00 ...  0.00000000e+00
     0.00000000e+00  0.00000000e+00]
   [ 0.00000000e+00  0.00000000e+00  0.00000000e+00 ...  0.00000000e+00
     0.00000000e+00  0.00000000e+00]
   [ 0.00000000e+00  0.00000000e+00  0.00000000e+00 ...  0.00000000e+00
     0.00000000e+00  0.00000000e+00]
   [ 1.76682288e+03  3.15718823e+03  0.00000000e+00 ... -3.23709100e-02
     2.51752138e-02  5.34819886e-02]]

  [[-2.54694225e+06 -1.96244512e+06  4.85270950e+06 ...  2.98870125e+06
     1.26873438e+06  2.42779375e+06]
   [-6.76002850e+06 -3.06520125e+06 -4.86659550e+06 ...  7.63590125e+05
     2.29799075e+06  1.79354200e+06]
   [-5.37568450e+06 -2.77186200e+06 -2.75387875e+06 ...  1.90123338e+06
     8.23462875e+05  1.45617500e+05]
   [-4.50115700e+06 -2.66095344e+05  3.89545925e+06 ...  1.99333738e+06
    -2.60394800e+06  2.64497375e+06]
   [-5.20351950e+06  3.14475400e+06  8.05271062e+05 ... -8.05593900e+06
    -1.55889900e+06  9.22232562e+05]
   [-6.68741900e+06 -2.21834800e+06 -9.03704700e+06 ... -6.14521600e+06
    -6.24394650e+06 -1.11888088e+06]]

  [[ 0.00000000e+00 -1.08142249e-01  0.00000000e+00 ...  0.00000000e+00
     0.00000000e+00  2.02355109e+05]
   [-7.63842165e-02  3.01635504e-01  0.00000000e+00 ...  0.00000000e+00
     0.00000000e+00 -1.91307672e+05]
   [-1.63103476e-01 -3.23207751e-02  0.00000000e+00 ...  0.00000000e+00
     0.00000000e+00  0.00000000e+00]
   [ 3.02731991e-01  5.43256640e-01  0.00000000e+00 ...  0.00000000e+00
     0.00000000e+00  0.00000000e+00]
   [ 2.28365242e-01  1.34609371e-01  0.00000000e+00 ...  0.00000000e+00
     0.00000000e+00  0.00000000e+00]
   [ 5.50990381e+03  6.69629883e+03 -2.06980469e+03 ... -2.75990631e+02
     1.70693417e+01  1.86542656e+05]]

  [[-6.52060625e+05 -2.28912275e+06 -1.40616888e+06 ... -2.17354125e+06
    -2.75165900e+06 -8.29789700e+06]
   [-6.60214050e+06 -1.20063820e+07 -1.23584860e+07 ... -8.13432500e+06
    -5.13218400e+06 -1.00162690e+07]
   [-1.55838160e+07 -1.35777810e+07 -1.28374540e+07 ... -1.84232480e+07
    -1.10348750e+07 -1.07603100e+07]
   [-7.56784200e+06 -6.49435800e+06  6.76315500e+05 ... -2.19012200e+07
    -1.09990720e+07 -3.11800750e+06]
   [-6.67464500e+06 -7.83241600e+06 -8.47843100e+06 ... -2.72584200e+07
    -1.21945470e+07 -1.04309550e+07]
   [-1.15179630e+07 -1.94996100e+07 -1.74722600e+07 ... -2.31167500e+07
    -1.24740590e+07 -1.05625320e+07]]

  [[ 0.00000000e+00 -9.00321960e-01  0.00000000e+00 ... -2.78013992e+00
     0.00000000e+00  0.00000000e+00]
   [ 0.00000000e+00  0.00000000e+00  0.00000000e+00 ...  0.00000000e+00
     0.00000000e+00  0.00000000e+00]
   [ 0.00000000e+00  0.00000000e+00  0.00000000e+00 ...  0.00000000e+00
     0.00000000e+00  0.00000000e+00]
   [ 0.00000000e+00  0.00000000e+00  0.00000000e+00 ...  0.00000000e+00
     0.00000000e+00  0.00000000e+00]
   [ 0.00000000e+00  0.00000000e+00  0.00000000e+00 ...  0.00000000e+00
     0.00000000e+00  0.00000000e+00]
   [ 0.00000000e+00  0.00000000e+00  0.00000000e+00 ...  0.00000000e+00
     0.00000000e+00  0.00000000e+00]]

  [[-2.73715195e+04 -6.22482300e-01  0.00000000e+00 ... -1.92218781e+00
     0.00000000e+00  4.51192090e+03]
   [ 0.00000000e+00  0.00000000e+00  0.00000000e+00 ...  0.00000000e+00
     0.00000000e+00 -4.26830713e+03]
   [ 0.00000000e+00  0.00000000e+00  0.00000000e+00 ...  0.00000000e+00
     0.00000000e+00  0.00000000e+00]
   [ 0.00000000e+00  0.00000000e+00  0.00000000e+00 ...  0.00000000e+00
     0.00000000e+00  0.00000000e+00]
   [ 0.00000000e+00  0.00000000e+00  0.00000000e+00 ...  0.00000000e+00
     0.00000000e+00  0.00000000e+00]
   [ 0.00000000e+00  0.00000000e+00  0.00000000e+00 ...  0.00000000e+00
     0.00000000e+00  0.00000000e+00]]]


 [[[ 0.00000000e+00  0.00000000e+00  0.00000000e+00 ...  0.00000000e+00
     0.00000000e+00  0.00000000e+00]
   [ 0.00000000e+00  0.00000000e+00  0.00000000e+00 ...  0.00000000e+00
     0.00000000e+00  0.00000000e+00]
   [ 0.00000000e+00  0.00000000e+00  0.00000000e+00 ...  0.00000000e+00
     0.00000000e+00  0.00000000e+00]
   [ 0.00000000e+00  0.00000000e+00  0.00000000e+00 ...  0.00000000e+00
     0.00000000e+00  0.00000000e+00]
   [ 0.00000000e+00  0.00000000e+00  0.00000000e+00 ...  0.00000000e+00
     0.00000000e+00  0.00000000e+00]
   [-1.44767438e+05 -2.22949391e+05  0.00000000e+00 ...  5.84477186e-03
     0.00000000e+00  2.82805413e-02]]

  [[-2.55478650e+06 -5.88023750e+06  1.86083762e+06 ... -3.10873575e+06
     3.24389775e+06  2.35888156e+05]
   [-1.46701438e+06 -1.81688150e+06  2.73190750e+06 ... -6.74908850e+06
    -5.93779000e+05 -8.31763125e+05]
   [ 1.94443688e+06 -1.84260125e+06  1.58063162e+06 ... -3.69460344e+05
     1.21830562e+06  7.28231500e+05]
   [ 7.23933125e+05 -2.22094906e+05  6.66731438e+05 ...  6.98259700e+06
     3.35083950e+06  2.35122350e+06]
   [-1.43645425e+06  4.41873250e+05 -1.76086000e+05 ...  4.85270150e+06
    -1.09862012e+06  6.32720812e+05]
   [ 6.94316750e+06  9.50228700e+06  1.01244900e+07 ...  1.54075520e+07
     9.21065500e+06  1.05988410e+07]]

  [[ 9.52339768e-02  8.70918389e-03  0.00000000e+00 ...  0.00000000e+00
     0.00000000e+00 -4.91797938e+05]
   [-7.11007714e-02  0.00000000e+00  0.00000000e+00 ...  0.00000000e+00
     0.00000000e+00 -4.13248505e+02]
   [ 2.23370762e-07  1.19977593e-01  0.00000000e+00 ...  0.00000000e+00
     0.00000000e+00  0.00000000e+00]
   [ 1.01772237e+00 -2.77326107e-01  0.00000000e+00 ...  0.00000000e+00
     0.00000000e+00  0.00000000e+00]
   [-2.41536960e-01  3.84037107e-01  0.00000000e+00 ...  0.00000000e+00
     0.00000000e+00  0.00000000e+00]
   [-3.57269938e+05 -4.45112906e+05 -1.71924381e+01 ...  9.52097290e+02
    -2.45728622e+02  2.76011250e+05]]

  [[-9.30355000e+05 -5.92281300e+06  2.77105850e+06 ... -8.13858600e+06
     2.53310850e+06 -6.90770900e+06]
   [ 8.40485250e+05  2.85198925e+06 -1.19573475e+06 ... -1.51401550e+07
    -2.32404100e+06 -1.76448100e+07]
   [ 4.42715100e+06  4.57812350e+06 -3.36794150e+06 ... -3.67821375e+06
    -1.01225540e+07 -1.61476170e+07]
   [-8.95947500e+05  2.29467650e+06 -6.40544000e+06 ...  5.54913000e+05
    -3.44899675e+06 -1.62095040e+07]
   [-4.55500750e+06 -9.05154500e+05 -8.98971600e+06 ... -2.33899725e+06
    -3.71683150e+06 -1.62583060e+07]
   [ 1.30354650e+06  2.97317750e+06 -7.74285250e+06 ... -8.99769500e+06
     1.94509400e+06 -8.27610000e+06]]

  [[ 0.00000000e+00  0.00000000e+00  0.00000000e+00 ...  0.00000000e+00
    -1.70789719e+00  0.00000000e+00]
   [ 0.00000000e+00  0.00000000e+00  0.00000000e+00 ...  0.00000000e+00
     0.00000000e+00  0.00000000e+00]
   [ 0.00000000e+00  0.00000000e+00  0.00000000e+00 ...  0.00000000e+00
     0.00000000e+00  0.00000000e+00]
   [ 0.00000000e+00  0.00000000e+00  0.00000000e+00 ...  0.00000000e+00
     0.00000000e+00  0.00000000e+00]
   [ 0.00000000e+00  0.00000000e+00  0.00000000e+00 ...  0.00000000e+00
     0.00000000e+00  0.00000000e+00]
   [ 0.00000000e+00  0.00000000e+00  0.00000000e+00 ...  0.00000000e+00
     0.00000000e+00  0.00000000e+00]]

  [[ 4.58626625e+05  0.00000000e+00  0.00000000e+00 ...  0.00000000e+00
    -1.18083954e+00 -1.09701445e+04]
   [ 0.00000000e+00  0.00000000e+00  0.00000000e+00 ...  0.00000000e+00
     0.00000000e+00 -9.21184349e+00]
   [ 0.00000000e+00  0.00000000e+00  0.00000000e+00 ...  0.00000000e+00
     0.00000000e+00 -2.34206617e-02]
   [ 0.00000000e+00  0.00000000e+00  0.00000000e+00 ...  0.00000000e+00
     0.00000000e+00  0.00000000e+00]
   [ 0.00000000e+00  0.00000000e+00  0.00000000e+00 ...  0.00000000e+00
     0.00000000e+00  0.00000000e+00]
   [ 0.00000000e+00  0.00000000e+00  0.00000000e+00 ...  0.00000000e+00
     0.00000000e+00  0.00000000e+00]]]


 ...


 [[[ 0.00000000e+00  0.00000000e+00  0.00000000e+00 ...  0.00000000e+00
     0.00000000e+00  0.00000000e+00]
   [ 0.00000000e+00  0.00000000e+00  0.00000000e+00 ...  0.00000000e+00
     0.00000000e+00  0.00000000e+00]
   [ 0.00000000e+00  0.00000000e+00  0.00000000e+00 ...  0.00000000e+00
     0.00000000e+00  0.00000000e+00]
   [ 0.00000000e+00  0.00000000e+00  0.00000000e+00 ...  0.00000000e+00
     0.00000000e+00  0.00000000e+00]
   [ 0.00000000e+00  0.00000000e+00  0.00000000e+00 ...  0.00000000e+00
     0.00000000e+00  0.00000000e+00]
   [ 2.00088125e+04 -4.78351875e+05 -5.50321341e-02 ...  0.00000000e+00
     0.00000000e+00  0.00000000e+00]]

  [[ 1.58024175e+06  7.62108150e+06  4.87649300e+06 ... -1.79273312e+06
    -1.07755162e+06 -8.25009650e+06]
   [-5.31196700e+06 -2.49634688e+04  3.24624200e+06 ...  1.62758025e+06
    -1.94317500e+06 -9.41210100e+06]
   [-4.29186850e+06  3.08463325e+06  2.34701425e+06 ... -1.58705150e+06
    -5.80590450e+06 -8.07379800e+06]
   [-3.51674700e+06 -1.39392438e+05 -2.07145788e+06 ... -9.53829500e+06
    -8.31750950e+06 -1.36654140e+07]
   [-1.03122340e+07 -3.56167300e+06 -4.17047425e+06 ... -3.74898725e+06
    -7.45586850e+06 -1.09630970e+07]
   [-9.57641500e+06 -1.62939650e+06 -4.63398950e+06 ... -2.27660500e+06
    -1.24247890e+07 -7.49235400e+06]]

  [[ 1.39142081e-01 -2.75403522e-07  0.00000000e+00 ...  0.00000000e+00
     0.00000000e+00 -7.92561462e+02]
   [-4.84497070e-01 -1.90472156e-01  0.00000000e+00 ...  0.00000000e+00
     0.00000000e+00  3.78174844e+05]
   [-9.99291049e-21  1.19016860e-02  0.00000000e+00 ...  0.00000000e+00
     0.00000000e+00  0.00000000e+00]
   [ 4.38376516e-03 -9.40466672e-03  0.00000000e+00 ...  0.00000000e+00
     0.00000000e+00  0.00000000e+00]
   [ 1.50561333e-01 -1.51906204e+00  0.00000000e+00 ...  0.00000000e+00
     0.00000000e+00  0.00000000e+00]
   [-9.90594141e+04 -9.65349250e+05  9.05058060e+01 ...  5.76037793e+03
    -2.60448120e+02 -2.16315039e+04]]

  [[-2.25441850e+06 -7.08300450e+06 -1.07542790e+07 ... -6.16184250e+05
    -3.20709100e+07 -2.49301980e+07]
   [-9.87270900e+06 -1.12164880e+07 -1.93498680e+07 ... -9.48010000e+06
    -4.70564240e+07 -2.38023680e+07]
   [-3.32247375e+06 -7.56957900e+06 -1.20054200e+07 ... -1.12173510e+07
    -3.65318160e+07 -1.82366120e+07]
   [-1.02432050e+07 -1.30483520e+07 -2.08808480e+07 ... -2.55384280e+07
    -4.98741080e+07 -1.98524620e+07]
   [-1.50353220e+07 -2.14975980e+07 -2.68607080e+07 ... -2.16121800e+07
    -4.44836080e+07 -1.01987740e+07]
   [-8.00476800e+06 -1.84011940e+07 -1.75885460e+07 ... -2.76620720e+07
    -4.26231200e+07 -1.86482800e+06]]

  [[ 0.00000000e+00  0.00000000e+00  1.67057228e+00 ...  2.07322884e+00
     0.00000000e+00  0.00000000e+00]
   [ 0.00000000e+00  0.00000000e+00  0.00000000e+00 ...  0.00000000e+00
     0.00000000e+00  0.00000000e+00]
   [ 0.00000000e+00  0.00000000e+00  0.00000000e+00 ...  0.00000000e+00
     0.00000000e+00  0.00000000e+00]
   [ 0.00000000e+00  0.00000000e+00  0.00000000e+00 ...  0.00000000e+00
     0.00000000e+00  0.00000000e+00]
   [ 0.00000000e+00  0.00000000e+00  0.00000000e+00 ...  0.00000000e+00
     0.00000000e+00  0.00000000e+00]
   [ 0.00000000e+00  0.00000000e+00  0.00000000e+00 ...  0.00000000e+00
     0.00000000e+00  0.00000000e+00]]

  [[ 9.53776245e+02  0.00000000e+00  1.15503311e+00 ...  1.43342972e+00
     0.00000000e+00 -1.76622791e+01]
   [ 0.00000000e+00  0.00000000e+00  0.00000000e+00 ...  0.00000000e+00
     0.00000000e+00  8.42936230e+03]
   [ 0.00000000e+00  0.00000000e+00  0.00000000e+00 ...  0.00000000e+00
     0.00000000e+00 -1.04692638e-01]
   [ 0.00000000e+00  0.00000000e+00  0.00000000e+00 ...  0.00000000e+00
     0.00000000e+00  0.00000000e+00]
   [ 0.00000000e+00  0.00000000e+00  0.00000000e+00 ...  0.00000000e+00
     0.00000000e+00  0.00000000e+00]
   [ 0.00000000e+00  0.00000000e+00  0.00000000e+00 ...  0.00000000e+00
     0.00000000e+00  0.00000000e+00]]]


 [[[ 0.00000000e+00  0.00000000e+00  0.00000000e+00 ...  0.00000000e+00
     0.00000000e+00  0.00000000e+00]
   [ 0.00000000e+00  0.00000000e+00  0.00000000e+00 ...  0.00000000e+00
     0.00000000e+00  0.00000000e+00]
   [ 0.00000000e+00  0.00000000e+00  0.00000000e+00 ...  0.00000000e+00
     0.00000000e+00  0.00000000e+00]
   [ 0.00000000e+00  0.00000000e+00  0.00000000e+00 ...  0.00000000e+00
     0.00000000e+00  0.00000000e+00]
   [ 0.00000000e+00  0.00000000e+00  0.00000000e+00 ...  0.00000000e+00
     0.00000000e+00  0.00000000e+00]
   [-7.46060688e+05  1.27907842e-02  0.00000000e+00 ...  0.00000000e+00
     0.00000000e+00 -2.76780128e-02]]

  [[ 5.79287150e+06  4.52983100e+06  8.86976300e+06 ...  5.71269200e+06
     3.29773800e+06  4.31980400e+06]
   [ 4.07932050e+06  6.27406850e+06  9.79594900e+06 ...  8.25333350e+06
     5.02501300e+06  4.79092300e+06]
   [ 1.20673325e+06  3.03147000e+06  8.17227150e+06 ...  7.05541300e+06
     1.16844100e+06  2.16992425e+06]
   [-1.58871725e+06  3.03527925e+06  1.41985480e+07 ...  8.34086850e+06
     2.59159125e+06  8.93947400e+06]
   [ 1.82248062e+06  5.78936600e+06  7.95271050e+06 ...  6.33399550e+06
     5.82558800e+06  8.06971850e+06]
   [ 1.30655375e+06  6.21013550e+06  1.97110650e+06 ...  2.74401150e+06
     5.56145200e+06  5.25946100e+06]]

  [[-7.94127941e-01  0.00000000e+00  0.00000000e+00 ...  0.00000000e+00
     0.00000000e+00 -2.29877026e+03]
   [ 1.50860921e-01 -9.69844460e-02  0.00000000e+00 ...  0.00000000e+00
     0.00000000e+00  4.79654562e+05]
   [ 5.00598674e-09  7.51888454e-02  0.00000000e+00 ...  0.00000000e+00
     0.00000000e+00  0.00000000e+00]
   [ 8.48459959e-01  0.00000000e+00  0.00000000e+00 ...  0.00000000e+00
     0.00000000e+00  0.00000000e+00]
   [-7.87662715e-02  0.00000000e+00  0.00000000e+00 ...  0.00000000e+00
     0.00000000e+00  0.00000000e+00]
   [-1.50553600e+06 -1.59655853e+02 -4.21850537e+03 ...  5.55214386e+01
     2.82102752e+00 -9.48107178e+02]]

  [[ 2.39126480e+07  3.58792320e+07  3.06377100e+07 ...  4.80513720e+07
     3.79149600e+07  3.76685360e+07]
   [ 2.48128480e+07  3.97880520e+07  3.02437360e+07 ...  6.11565080e+07
     4.68402360e+07  3.66549520e+07]
   [ 2.34291720e+07  4.05222600e+07  3.10675420e+07 ...  6.26483160e+07
     4.45473000e+07  3.86196600e+07]
   [ 2.78298620e+07  4.32708080e+07  3.18500500e+07 ...  6.59320240e+07
     4.96207240e+07  3.96653360e+07]
   [ 2.82541360e+07  4.74807160e+07  3.37002640e+07 ...  6.36464200e+07
     5.27207320e+07  3.96899320e+07]
   [ 3.32038520e+07  4.30095320e+07  2.70324880e+07 ...  5.83970760e+07
     5.35967240e+07  3.18849380e+07]]

  [[ 0.00000000e+00  0.00000000e+00  1.60157776e+00 ...  0.00000000e+00
     0.00000000e+00  0.00000000e+00]
   [ 0.00000000e+00  0.00000000e+00  0.00000000e+00 ...  0.00000000e+00
     0.00000000e+00  0.00000000e+00]
   [ 0.00000000e+00  0.00000000e+00  0.00000000e+00 ...  0.00000000e+00
     0.00000000e+00  0.00000000e+00]
   [ 0.00000000e+00  0.00000000e+00  0.00000000e+00 ...  0.00000000e+00
     0.00000000e+00  0.00000000e+00]
   [ 0.00000000e+00  0.00000000e+00  0.00000000e+00 ...  0.00000000e+00
     0.00000000e+00  0.00000000e+00]
   [ 0.00000000e+00  0.00000000e+00  0.00000000e+00 ...  0.00000000e+00
     0.00000000e+00  0.00000000e+00]]

  [[ 0.00000000e+00  0.00000000e+00  1.10733032e+00 ...  0.00000000e+00
     0.00000000e+00 -5.12368202e+01]
   [ 0.00000000e+00  0.00000000e+00  0.00000000e+00 ...  0.00000000e+00
     0.00000000e+00  1.06937695e+04]
   [ 0.00000000e+00  0.00000000e+00  0.00000000e+00 ...  0.00000000e+00
     0.00000000e+00  0.00000000e+00]
   [ 0.00000000e+00  0.00000000e+00  0.00000000e+00 ...  0.00000000e+00
     0.00000000e+00  0.00000000e+00]
   [ 0.00000000e+00  0.00000000e+00  0.00000000e+00 ...  0.00000000e+00
     0.00000000e+00  0.00000000e+00]
   [ 0.00000000e+00  0.00000000e+00  0.00000000e+00 ...  0.00000000e+00
     0.00000000e+00  0.00000000e+00]]]


 [[[ 0.00000000e+00  0.00000000e+00  0.00000000e+00 ...  0.00000000e+00
     0.00000000e+00  0.00000000e+00]
   [ 0.00000000e+00  0.00000000e+00  0.00000000e+00 ...  0.00000000e+00
     0.00000000e+00  0.00000000e+00]
   [ 0.00000000e+00  0.00000000e+00  0.00000000e+00 ...  0.00000000e+00
     0.00000000e+00  0.00000000e+00]
   [ 0.00000000e+00  0.00000000e+00  0.00000000e+00 ...  0.00000000e+00
     0.00000000e+00  0.00000000e+00]
   [ 0.00000000e+00  0.00000000e+00  0.00000000e+00 ...  0.00000000e+00
     0.00000000e+00  0.00000000e+00]
   [-3.51157623e+02 -5.82446632e+01  0.00000000e+00 ...  0.00000000e+00
     0.00000000e+00  0.00000000e+00]]

  [[-9.28722800e+06  3.00796850e+06 -3.50473500e+06 ... -3.57549000e+06
    -5.98009750e+06 -1.04706580e+07]
   [-2.61611375e+06  3.80972400e+06 -1.24593988e+06 ... -7.50299100e+06
    -8.68568000e+06 -6.66699850e+06]
   [-1.03283580e+07  7.29956875e+05 -1.15625288e+06 ...  9.12420700e+06
     1.07415330e+07  6.45628250e+06]
   [-9.62221600e+06  6.97758800e+06  1.23940125e+05 ...  4.61686700e+06
     7.79373700e+06  2.22896025e+06]
   [-1.90841950e+06  1.15802430e+07  5.60137000e+06 ...  6.78740300e+06
    -1.69666988e+06 -3.75213625e+06]
   [ 4.93960100e+06  1.32773180e+07  6.58501800e+06 ...  4.49481875e+05
     1.87938850e+06 -3.37369950e+06]]

  [[-4.97215986e-02 -8.09271455e-01  0.00000000e+00 ...  0.00000000e+00
     0.00000000e+00  2.97541809e+00]
   [-8.61706734e-02  0.00000000e+00  0.00000000e+00 ...  0.00000000e+00
     0.00000000e+00  1.04101412e+06]
   [ 1.75799266e-01  4.66225147e-01  0.00000000e+00 ...  0.00000000e+00
     0.00000000e+00  0.00000000e+00]
   [ 1.56232119e-01 -6.60595894e-02  0.00000000e+00 ...  0.00000000e+00
     0.00000000e+00  0.00000000e+00]
   [ 8.21074545e-01  1.61595941e-02  0.00000000e+00 ...  0.00000000e+00
     0.00000000e+00  0.00000000e+00]
   [-7.45662598e+02 -1.70074509e+02 -4.80911835e+02 ... -2.85862565e+00
     0.00000000e+00  5.51162048e+02]]

  [[-1.36246375e+06  4.36385950e+06 -5.71867000e+06 ...  2.38620250e+06
    -1.31012540e+07 -1.85998040e+07]
   [-4.20990300e+06  1.78137150e+06 -3.50174600e+06 ... -5.47292150e+06
    -1.52710880e+07 -1.40586180e+07]
   [-3.92651275e+06  8.15187100e+06 -3.10535450e+06 ...  2.45015280e+07
     1.38429290e+07  2.56112080e+07]
   [-1.73654375e+06  7.52344850e+06 -6.25217850e+06 ...  1.67088120e+07
     8.46727700e+06  8.74995500e+06]
   [ 1.55831780e+07  2.37075640e+07 -2.74045225e+06 ...  6.28862150e+06
    -1.44750280e+07 -1.93604825e+06]
   [ 1.55429030e+07  2.48685760e+07  4.40720100e+06 ...  3.35632000e+05
    -5.63780700e+06  4.07523925e+06]]

  [[ 0.00000000e+00 -1.37875938e+00  0.00000000e+00 ... -3.34340668e+00
     0.00000000e+00  0.00000000e+00]
   [ 0.00000000e+00  0.00000000e+00  0.00000000e+00 ...  0.00000000e+00
     0.00000000e+00  0.00000000e+00]
   [ 0.00000000e+00  0.00000000e+00  0.00000000e+00 ...  0.00000000e+00
     0.00000000e+00  0.00000000e+00]
   [ 0.00000000e+00  0.00000000e+00  0.00000000e+00 ...  0.00000000e+00
     0.00000000e+00  0.00000000e+00]
   [ 0.00000000e+00  0.00000000e+00  0.00000000e+00 ...  0.00000000e+00
     0.00000000e+00  0.00000000e+00]
   [ 0.00000000e+00  0.00000000e+00  0.00000000e+00 ...  0.00000000e+00
     0.00000000e+00  0.00000000e+00]]

  [[-1.19514038e+06 -9.53273773e-01  0.00000000e+00 ... -2.31163025e+00
     0.00000000e+00  6.64626807e-02]
   [ 0.00000000e+00  0.00000000e+00  0.00000000e+00 ...  0.00000000e+00
     0.00000000e+00  2.32147266e+04]
   [ 0.00000000e+00  0.00000000e+00  0.00000000e+00 ...  0.00000000e+00
     0.00000000e+00  0.00000000e+00]
   [ 0.00000000e+00  0.00000000e+00  0.00000000e+00 ...  0.00000000e+00
     0.00000000e+00  4.88283336e-02]
   [ 0.00000000e+00  0.00000000e+00  0.00000000e+00 ...  0.00000000e+00
     0.00000000e+00  0.00000000e+00]
   [ 0.00000000e+00  0.00000000e+00  0.00000000e+00 ...  0.00000000e+00
     0.00000000e+00  0.00000000e+00]]]]
linear2.bias: 梯度数据不一致, 差值:682456960.0
grad_pytorch[linear2.bias]: [-4.43681031e-01 -3.77398900e+06 -6.12597473e+02  7.04186380e-01
 -2.58986973e+04  1.09888448e+08  3.20250869e-01 -2.54131016e+05
  1.35365980e+07 -1.94258109e+05  4.34145570e-01  3.13349962e+00
 -1.14680338e+06  2.32149460e+02  1.56522906e+05 -3.01196094e+03
  2.54044043e+03 -1.60987891e+03  1.27305801e+04 -2.04853415e+00
 -4.48134938e+05 -1.63411094e+04  2.68857574e+00 -3.28773642e+00
  1.82353076e+03  1.48630321e-01  1.63783681e+00  4.38403606e+00
  1.63666406e+05  4.68866825e-01  1.16087103e+00  8.18479729e+00
  8.24501562e+03 -8.48394203e+00  3.93913843e+03  5.85174938e+05
 -8.62027750e+05  7.42742240e+07  1.82369088e+06 -2.94489594e+01
 -5.03829102e+03 -1.90065018e+02 -4.21905977e+04  1.37106703e+05
 -1.26666016e+04 -1.23911279e+03 -6.36636758e+04 -5.87700312e+05
  1.44384079e+02 -2.58757156e+05 -1.36627483e+00 -1.01033166e-01
  1.97346878e+00  3.45310883e+02 -6.29640991e+02  4.76182129e+03
  8.05966377e-01 -3.95893969e+05  5.37081200e+06 -2.38921484e+04
  6.85604572e-01 -4.45309094e+05 -4.79098415e+00 -7.49511123e-01
 -1.04155235e+01  1.19155898e+04  2.69671895e+04  5.86888742e+00
  2.86094492e+04 -9.36112793e+03 -3.21099460e-01  1.03880577e+01
  1.13200998e+00 -3.26891016e+03  1.59024185e+02  1.77771031e+05
  5.87478399e-01 -1.02378333e+03  6.87082368e+08 -4.65011572e+03
 -1.10465765e-01  1.20095788e+06  8.48187000e+06 -1.08170509e+01]
grad_paddle[linear2.bias]: [-3.90068978e-01  1.77842944e+08 -6.13100769e+02  7.46443927e-01
 -4.30670898e+04 -2.42947469e+05  2.57865220e-01  4.90234300e+06
 -3.67045688e+05 -7.45775625e+04  3.94047856e-01  3.19503307e+00
 -1.16054688e+06  8.05208130e+01 -1.02398391e+05 -2.94008867e+04
  2.43053296e+03  1.55990062e+05 -1.47080310e+03 -2.00388622e+00
 -1.09306023e+05 -1.01942422e+04  2.63344622e+00 -2.55275106e+00
  1.20316479e+03  2.44075298e-01  1.53007984e+00  4.26030874e+00
  2.05329609e+05  6.14230633e-01  1.17470527e+00  8.17062378e+00
  5.01748500e+05 -8.66238499e+00  3.90583984e+03 -2.25866062e+05
 -1.79930880e+08  9.28565062e+05  1.26225738e+06 -3.20003624e+01
 -4.11040332e+03 -1.92135422e+02 -1.97046188e+05  9.47724609e+04
 -1.44524610e+07 -1.14429236e+03 -5.92310107e+03 -8.16424170e+03
  1.47261780e+02 -2.93794600e+06 -1.34056723e+00 -2.76059899e-02
  1.92115068e+00  3.08061829e+02 -6.38999817e+02  9.04342578e+03
  7.74461925e-01  1.10645836e+05 -8.95992344e+04 -2.04585371e+04
  7.25785911e-01 -9.47367120e+07 -4.71269798e+00 -7.20199764e-01
 -1.06405010e+01  1.53869897e+03 -2.07989232e+08  5.87701893e+00
  5.88949883e+04 -2.10042676e+04 -4.76013660e-01 -1.40334005e+01
  1.06067789e+00 -3.55593945e+03  1.60998322e+02  1.38572781e+05
  6.04927599e-01 -1.05190601e+03  4.62541650e+06 -1.81548477e+04
 -3.57240029e-02 -5.53609938e+05 -5.87546300e+06 -1.07180061e+01]
